# Cycle: 99, status: ACC, move: ('sh', 2.900824664746216, 3, 7)
#     Time      Potential        Kinetic
         0   -5518.705100     837.760010            nan            nan
         1   -4375.226700     797.651320            nan            nan
         2   -3222.773600     805.642470            nan            nan
         3   -3086.531400     786.171490            nan            nan
         4   -2707.051500     761.158310            nan            nan
         5   -1790.303000     727.604670            nan            nan
         6   -1681.289600     708.436220            nan            nan
         7   -3449.863800    1006.589600            nan            nan
         8   -2779.704000     676.856360            nan            nan
         9   -1911.907800     687.570540            nan            nan
