# Cycle: 9963, status: ACC, move: ('wf', 9000, 2, 15)
#     Time      Potential        Kinetic
         0   -8234.065500      89.841634            nan            nan
         1   -8234.582600      90.348288            nan            nan
         2   -8235.542500      91.270238            nan            nan
         3   -8236.303200      91.981704            nan            nan
         4   -8236.139100      91.778026            nan            nan
         5   -8234.554500      90.182457            nan            nan
         6   -8231.543600      87.189379            nan            nan
         7   -8227.606900      83.297228            nan            nan
         8   -8223.656100      79.403439            nan            nan
         9   -8220.783700      76.580845            nan            nan
        10   -8219.916000      75.731521            nan            nan
        11   -8221.521500      77.329632            nan            nan
        12   -8225.557600      81.326412            nan            nan
        13   -8231.358100      87.035268            nan            nan
        14   -8237.443500      93.004180            nan            nan
