# Cycle: 9963, status: ACC, move: ('wf', 9000, 2, 15)
#     Time       Orderp
         0     1.060673     0.000000    -1.000000    -1.000000    -1.000000
         1     1.090039     0.000000    -1.000000    -1.000000    -1.000000
         2     1.129111     0.000000    -1.000000    -1.000000    -1.000000
         3     1.163533     0.000000    -1.000000    -1.000000    -1.000000
         4     1.191832     0.000000    -1.000000    -1.000000    -1.000000
         5     1.213001     0.000000    -1.000000    -1.000000    -1.000000
         6     1.226325     0.000000    -1.000000    -1.000000    -1.000000
         7     1.231522     0.000000    -1.000000    -1.000000    -1.000000
         8     1.228639     0.000000    -1.000000    -1.000000    -1.000000
         9     1.217754     0.000000    -1.000000    -1.000000    -1.000000
        10     1.199183     0.000000    -1.000000    -1.000000    -1.000000
        11     1.173528     0.000000    -1.000000    -1.000000    -1.000000
        12     1.141764     0.000000    -1.000000    -1.000000    -1.000000
        13     1.105283     0.000000    -1.000000    -1.000000    -1.000000
        14     1.065828     0.000000    -1.000000    -1.000000    -1.000000
