# Cycle: 9993, status: ACC, move: ('wf', 9000, 2, 13)
#     Time      Potential        Kinetic
         0   -8254.152900      96.000036            nan            nan
         1   -8252.594300      94.470684            nan            nan
         2   -8251.319000      93.222386            nan            nan
         3   -8250.599200      92.513382            nan            nan
         4   -8250.528900      92.444088            nan            nan
         5   -8251.005300      92.913412            nan            nan
         6   -8251.753800      93.652609            nan            nan
         7   -8252.450100      94.335271            nan            nan
         8   -8252.777400      94.657290            nan            nan
         9   -8252.523600      94.415812            nan            nan
        10   -8251.667300      93.572294            nan            nan
        11   -8250.342600      92.267910            nan            nan
        12   -8248.775300      90.715970            nan            nan
