# Cycle: 9993, status: ACC, move: ('wf', 9000, 2, 13)
#     Time       Orderp
         0     1.068917     0.000000    -1.000000    -1.000000    -1.000000
         1     1.095540     0.000000    -1.000000    -1.000000    -1.000000
         2     1.117960     0.000000    -1.000000    -1.000000    -1.000000
         3     1.135077     0.000000    -1.000000    -1.000000    -1.000000
         4     1.146126     0.000000    -1.000000    -1.000000    -1.000000
         5     1.150725     0.000000    -1.000000    -1.000000    -1.000000
         6     1.148795     0.000000    -1.000000    -1.000000    -1.000000
         7     1.140579     0.000000    -1.000000    -1.000000    -1.000000
         8     1.126618     0.000000    -1.000000    -1.000000    -1.000000
         9     1.107675     0.000000    -1.000000    -1.000000    -1.000000
        10     1.084840     0.000000    -1.000000    -1.000000    -1.000000
        11     1.073538     0.000000    -1.000000    -1.000000    -1.000000
        12     1.069064     0.000000    -1.000000    -1.000000    -1.000000
