# Cycle: 9983, status: ACC, move: ('wf', 9000, 2, 33)
#     Time      Potential        Kinetic
         0   -8230.965900      89.012231            nan            nan
         1   -8228.301800      86.411251            nan            nan
         2   -8226.506800      84.665851            nan            nan
         3   -8226.209600      84.396099            nan            nan
         4   -8227.628600      85.810684            nan            nan
         5   -8230.483800      88.633535            nan            nan
         6   -8234.065300      92.167727            nan            nan
         7   -8237.466700      95.533842            nan            nan
         8   -8239.920100      97.970181            nan            nan
         9   -8240.966500      99.022747            nan            nan
        10   -8240.527100      98.604577            nan            nan
        11   -8238.849300      96.962562            nan            nan
        12   -8236.419000      94.568545            nan            nan
        13   -8233.782400      91.964051            nan            nan
        14   -8231.395500      89.584973            nan            nan
        15   -8229.421400      87.598593            nan            nan
        16   -8227.774900      85.940224            nan            nan
        17   -8226.390100      84.553859            nan            nan
        18   -8225.431100      83.615983            nan            nan
        19   -8225.381800      83.574675            nan            nan
        20   -8226.454800      84.614532            nan            nan
        21   -8228.222300      86.357896            nan            nan
        22   -8230.339300      88.477121            nan            nan
        23   -8232.804000      90.940098            nan            nan
        24   -8235.617700      93.729598            nan            nan
        25   -8238.576400      96.664291            nan            nan
        26   -8241.353300      99.420089            nan            nan
        27   -8243.591400     101.638080            nan            nan
        28   -8244.962800     102.987270            nan            nan
        29   -8245.232400     103.249220            nan            nan
        30   -8244.381300     102.408320            nan            nan
        31   -8242.650900     100.696090            nan            nan
        32   -8240.462900      98.523042            nan            nan
