# Cycle: 4557, status: ACC, move: ('wf', 9000, 3, 81)
#     Time       Orderp
         0    -0.170300    -0.170300    -0.547616    -9.025461
         1    -0.150000    -0.164080    -0.544561    -8.943970
         2    -0.150000    -0.157936    -0.541516    -8.843818
         3    -0.150000    -0.151863    -0.538401    -8.726954
         4    -0.145866    -0.145866    -0.535265    -8.594542
         5    -0.139923    -0.139923    -0.532162    -8.447029
         6    -0.134034    -0.134034    -0.529106    -8.285732
         7    -0.128250    -0.128250    -0.526078    -8.114026
         8    -0.122639    -0.122639    -0.523061    -7.936230
         9    -0.117189    -0.117189    -0.520057    -7.753839
        10    -0.111993    -0.111993    -0.517030    -7.572488
        11    -0.107034    -0.107034    -0.514013    -7.393202
        12    -0.102173    -0.102173    -0.511020    -7.211739
        13    -0.097375    -0.097375    -0.507985    -7.028082
        14    -0.092727    -0.092727    -0.504923    -6.846682
        15    -0.088249    -0.088249    -0.501803    -6.669533
        16    -0.083989    -0.083989    -0.498645    -6.499446
        17    -0.079935    -0.079935    -0.495485    -6.336462
        18    -0.076036    -0.076036    -0.492290    -6.179075
        19    -0.072303    -0.072303    -0.489072    -6.028193
        20    -0.068769    -0.068769    -0.485827    -5.885602
        21    -0.065372    -0.065372    -0.482560    -5.748828
        22    -0.062154    -0.062154    -0.479260    -5.619997
        23    -0.059107    -0.059107    -0.475898    -5.498948
        24    -0.056231    -0.056231    -0.472516    -5.385670
        25    -0.053531    -0.053531    -0.469070    -5.280497
        26    -0.051009    -0.051009    -0.465600    -5.183390
        27    -0.048604    -0.048604    -0.462114    -5.091650
        28    -0.046325    -0.046325    -0.458643    -5.005592
        29    -0.044188    -0.044188    -0.455149    -4.925989
        30    -0.042153    -0.042153    -0.451667    -4.850951
        31    -0.040293    -0.040293    -0.448195    -4.783501
        32    -0.038605    -0.038605    -0.444705    -4.723454
        33    -0.037153    -0.037153    -0.441189    -4.673349
        34    -0.035876    -0.035876    -0.437612    -4.630619
        35    -0.034772    -0.034772    -0.434009    -4.594966
        36    -0.033805    -0.033805    -0.430413    -4.564747
        37    -0.033006    -0.033006    -0.426790    -4.541244
        38    -0.032387    -0.032387    -0.423184    -4.524669
        39    -0.031889    -0.031889    -0.419645    -4.512577
        40    -0.031539    -0.031539    -0.416132    -4.506097
        41    -0.031344    -0.031344    -0.412648    -4.505358
        42    -0.031335    -0.031335    -0.409141    -4.511735
        43    -0.031523    -0.031523    -0.405601    -4.525608
        44    -0.031883    -0.031883    -0.402118    -4.545785
        45    -0.032392    -0.032392    -0.398677    -4.571456
        46    -0.033109    -0.033109    -0.395285    -4.604944
        47    -0.033928    -0.033928    -0.391963    -4.642079
        48    -0.034915    -0.034915    -0.388637    -4.685613
        49    -0.036129    -0.036129    -0.385276    -4.738029
        50    -0.037518    -0.037518    -0.381903    -4.797247
        51    -0.039024    -0.039024    -0.378604    -4.860972
        52    -0.040645    -0.040645    -0.375299    -4.929279
        53    -0.042461    -0.042461    -0.371972    -5.005467
        54    -0.044486    -0.044486    -0.368621    -5.090189
        55    -0.046672    -0.046672    -0.365289    -5.181534
        56    -0.049088    -0.049088    -0.361962    -5.282541
        57    -0.051695    -0.051695    -0.358606    -5.391607
        58    -0.054455    -0.054455    -0.355216    -5.507257
        59    -0.057356    -0.057356    -0.351890    -5.628980
        60    -0.060466    -0.060466    -0.348576    -5.759597
        61    -0.063725    -0.063725    -0.345210    -5.896563
        62    -0.067148    -0.067148    -0.341851    -6.040384
        63    -0.070804    -0.070804    -0.338469    -6.193823
        64    -0.074681    -0.074681    -0.335070    -6.356118
        65    -0.078743    -0.078743    -0.331608    -6.525292
        66    -0.082988    -0.082988    -0.328105    -6.700818
        67    -0.087437    -0.087437    -0.324579    -6.882973
        68    -0.092092    -0.092092    -0.321079    -7.071208
        69    -0.096903    -0.096903    -0.317590    -7.262482
        70    -0.101975    -0.101975    -0.314114    -7.460122
        71    -0.107265    -0.107265    -0.310666    -7.660961
        72    -0.112668    -0.112668    -0.307280    -7.859538
        73    -0.118199    -0.118199    -0.303863    -8.054691
        74    -0.123932    -0.123932    -0.300458    -8.247595
        75    -0.129778    -0.129778    -0.297013    -8.432857
        76    -0.135732    -0.135732    -0.293595    -8.608883
        77    -0.141792    -0.141792    -0.290190    -8.773665
        78    -0.147865    -0.147865    -0.286825    -8.923038
        79    -0.153978    -0.153978    -0.283537    -9.056701
        80    -0.160166    -0.160166    -0.280291    -9.173961
