# Cycle: 9990, status: ACC, move: ('wf', 9000, 2, 22)
#     Time      Potential        Kinetic
         0   -8234.948800      81.956605            nan            nan
         1   -8232.127000      79.178107            nan            nan
         2   -8229.400400      76.495276            nan            nan
         3   -8227.483700      74.600930            nan            nan
         4   -8226.708400      73.811756            nan            nan
         5   -8226.864700      73.944534            nan            nan
         6   -8227.615900      74.689165            nan            nan
         7   -8228.773400      75.834691            nan            nan
         8   -8230.111100      77.148978            nan            nan
         9   -8231.300000      78.316941            nan            nan
        10   -8232.055700      79.069485            nan            nan
        11   -8232.309900      79.327415            nan            nan
        12   -8232.174200      79.207520            nan            nan
        13   -8231.863800      78.906350            nan            nan
        14   -8231.516300      78.574332            nan            nan
        15   -8231.177800      78.232404            nan            nan
        16   -8230.715500      77.757927            nan            nan
        17   -8229.916800      76.955878            nan            nan
        18   -8228.656200      75.703815            nan            nan
        19   -8227.038700      74.115746            nan            nan
        20   -8225.504200      72.622967            nan            nan
        21   -8224.699500      71.850755            nan            nan
