# Cycle: 9990, status: ACC, move: ('wf', 9000, 2, 22)
#     Time       Orderp
         0     1.069212     0.000000    -1.000000    -1.000000    -1.000000
         1     1.085035     0.000000    -1.000000    -1.000000    -1.000000
         2     1.095928     0.000000    -1.000000    -1.000000    -1.000000
         3     1.101242     0.000000    -1.000000    -1.000000    -1.000000
         4     1.100736     0.000000    -1.000000    -1.000000    -1.000000
         5     1.111913     0.000000    -1.000000    -1.000000    -1.000000
         6     1.135490     0.000000    -1.000000    -1.000000    -1.000000
         7     1.154747     0.000000    -1.000000    -1.000000    -1.000000
         8     1.168464     0.000000    -1.000000    -1.000000    -1.000000
         9     1.175738     0.000000    -1.000000    -1.000000    -1.000000
        10     1.176024     0.000000    -1.000000    -1.000000    -1.000000
        11     1.169148     0.000000    -1.000000    -1.000000    -1.000000
        12     1.155250     0.000000    -1.000000    -1.000000    -1.000000
        13     1.134912     0.000000    -1.000000    -1.000000    -1.000000
        14     1.109130     0.000000    -1.000000    -1.000000    -1.000000
        15     1.081865     0.000000    -1.000000    -1.000000    -1.000000
        16     1.093413     0.000000    -1.000000    -1.000000    -1.000000
        17     1.099692     0.000000    -1.000000    -1.000000    -1.000000
        18     1.099877     0.000000    -1.000000    -1.000000    -1.000000
        19     1.094146     0.000000    -1.000000    -1.000000    -1.000000
        20     1.082980     0.000000    -1.000000    -1.000000    -1.000000
        21     1.067258     0.000000    -1.000000    -1.000000    -1.000000
