# Cycle: 9972, status: ACC, move: ('wf', 9000, 2, 15)
#     Time       Orderp
         0     1.056122     0.000000    -1.000000    -1.000000    -1.000000
         1     1.101158     0.000000    -1.000000    -1.000000    -1.000000
         2     1.155748     0.000000    -1.000000    -1.000000    -1.000000
         3     1.203609     0.000000    -1.000000    -1.000000    -1.000000
         4     1.242667     0.000000    -1.000000    -1.000000    -1.000000
         5     1.271708     0.000000    -1.000000    -1.000000    -1.000000
         6     1.290086     0.000000    -1.000000    -1.000000    -1.000000
         7     1.297532     0.000000    -1.000000    -1.000000    -1.000000
         8     1.293936     0.000000    -1.000000    -1.000000    -1.000000
         9     1.279404     0.000000    -1.000000    -1.000000    -1.000000
        10     1.254281     0.000000    -1.000000    -1.000000    -1.000000
        11     1.219280     0.000000    -1.000000    -1.000000    -1.000000
        12     1.175562     0.000000    -1.000000    -1.000000    -1.000000
        13     1.124769     0.000000    -1.000000    -1.000000    -1.000000
        14     1.069192     0.000000    -1.000000    -1.000000    -1.000000
