# Cycle: 9991, status: ACC, move: ('wf', 9000, 2, 19)
#     Time       Orderp
         0     1.066143     0.000000    -1.000000    -1.000000    -1.000000
         1     1.081417     0.000000    -1.000000    -1.000000    -1.000000
         2     1.090409     0.000000    -1.000000    -1.000000    -1.000000
         3     1.092597     0.000000    -1.000000    -1.000000    -1.000000
         4     1.087738     0.000000    -1.000000    -1.000000    -1.000000
         5     1.085537     0.000000    -1.000000    -1.000000    -1.000000
         6     1.116730     0.000000    -1.000000    -1.000000    -1.000000
         7     1.144194     0.000000    -1.000000    -1.000000    -1.000000
         8     1.166712     0.000000    -1.000000    -1.000000    -1.000000
         9     1.183295     0.000000    -1.000000    -1.000000    -1.000000
        10     1.193350     0.000000    -1.000000    -1.000000    -1.000000
        11     1.196564     0.000000    -1.000000    -1.000000    -1.000000
        12     1.192873     0.000000    -1.000000    -1.000000    -1.000000
        13     1.182461     0.000000    -1.000000    -1.000000    -1.000000
        14     1.165805     0.000000    -1.000000    -1.000000    -1.000000
        15     1.143524     0.000000    -1.000000    -1.000000    -1.000000
        16     1.116566     0.000000    -1.000000    -1.000000    -1.000000
        17     1.086001     0.000000    -1.000000    -1.000000    -1.000000
        18     1.069117     0.000000    -1.000000    -1.000000    -1.000000
