# Cycle: 9956, status: ACC, move: ('wf', 9000, 2, 10)
#     Time      Potential        Kinetic
         0   -8231.072200      73.988091            nan            nan
         1   -8230.625400      73.557270            nan            nan
         2   -8230.600500      73.530400            nan            nan
         3   -8231.182400      74.116223            nan            nan
         4   -8232.528400      75.497197            nan            nan
         5   -8234.899000      77.869805            nan            nan
         6   -8238.284900      81.227525            nan            nan
         7   -8242.216100      85.112219            nan            nan
         8   -8245.825400      88.671573            nan            nan
         9   -8248.142000      90.937839            nan            nan
