# Cycle: 9956, status: ACC, move: ('wf', 9000, 2, 10)
#     Time       Orderp
         0     1.067305     0.000000    -1.000000    -1.000000    -1.000000
         1     1.093070     0.000000    -1.000000    -1.000000    -1.000000
         2     1.113697     0.000000    -1.000000    -1.000000    -1.000000
         3     1.128148     0.000000    -1.000000    -1.000000    -1.000000
         4     1.135656     0.000000    -1.000000    -1.000000    -1.000000
         5     1.135918     0.000000    -1.000000    -1.000000    -1.000000
         6     1.128866     0.000000    -1.000000    -1.000000    -1.000000
         7     1.114886     0.000000    -1.000000    -1.000000    -1.000000
         8     1.094631     0.000000    -1.000000    -1.000000    -1.000000
         9     1.069201     0.000000    -1.000000    -1.000000    -1.000000
