# Cycle: 4521, status: ACC, move: ('wf', 9000, 1, 263)
#     Time      Potential        Kinetic
         0      -9.084609       6.020252            nan            nan
         1      -8.933556       5.800789            nan            nan
         2      -8.772382       5.667559            nan            nan
         3      -8.602073       5.637314            nan            nan
         4      -8.424483       5.425125            nan            nan
         5      -8.243876       5.083388            nan            nan
         6      -8.061201       5.040033            nan            nan
         7      -7.876468       4.828165            nan            nan
         8      -7.692766       4.614755            nan            nan
         9      -7.510450       4.476734            nan            nan
        10      -7.330466       4.392817            nan            nan
        11      -7.155765       4.016437            nan            nan
        12      -6.986894       3.891785            nan            nan
        13      -6.822162       3.680243            nan            nan
        14      -6.660594       3.515932            nan            nan
        15      -6.503827       3.371745            nan            nan
        16      -6.352797       3.126738            nan            nan
        17      -6.207467       3.012524            nan            nan
        18      -6.067242       2.867900            nan            nan
        19      -5.933617       2.697139            nan            nan
        20      -5.808260       2.595010            nan            nan
        21      -5.690416       2.444947            nan            nan
        22      -5.581344       2.382618            nan            nan
        23      -5.479785       2.318358            nan            nan
        24      -5.386874       2.171049            nan            nan
        25      -5.301268       2.089953            nan            nan
        26      -5.223935       1.999246            nan            nan
        27      -5.154804       1.931626            nan            nan
        28      -5.092101       1.825639            nan            nan
        29      -5.036109       1.866770            nan            nan
        30      -4.988721       1.798540            nan            nan
        31      -4.946953       1.723951            nan            nan
        32      -4.911593       1.717563            nan            nan
        33      -4.882436       1.717464            nan            nan
        34      -4.861002       1.819705            nan            nan
        35      -4.846113       1.754815            nan            nan
        36      -4.836079       1.686013            nan            nan
        37      -4.831038       1.673464            nan            nan
        38      -4.832566       1.649724            nan            nan
        39      -4.839123       1.724083            nan            nan
        40      -4.850533       1.772843            nan            nan
        41      -4.866851       1.769995            nan            nan
        42      -4.887661       1.733845            nan            nan
        43      -4.912084       1.714542            nan            nan
        44      -4.942267       1.689151            nan            nan
        45      -4.976648       1.739399            nan            nan
        46      -5.019114       1.894423            nan            nan
        47      -5.067158       1.914115            nan            nan
        48      -5.117888       1.953368            nan            nan
        49      -5.171664       2.047477            nan            nan
        50      -5.229417       2.125282            nan            nan
        51      -5.290451       2.116452            nan            nan
        52      -5.356629       2.233096            nan            nan
        53      -5.424662       2.300744            nan            nan
        54      -5.493841       2.330777            nan            nan
        55      -5.563148       2.494528            nan            nan
        56      -5.632832       2.596183            nan            nan
        57      -5.703997       2.654027            nan            nan
        58      -5.774115       2.766251            nan            nan
        59      -5.844860       2.837333            nan            nan
        60      -5.913973       2.854532            nan            nan
        61      -5.981838       2.897441            nan            nan
        62      -6.047105       2.941553            nan            nan
        63      -6.110127       3.013523            nan            nan
        64      -6.172136       3.116692            nan            nan
        65      -6.230070       2.969006            nan            nan
        66      -6.282955       2.962919            nan            nan
        67      -6.330700       3.031449            nan            nan
        68      -6.374856       3.160987            nan            nan
        69      -6.415039       3.364756            nan            nan
        70      -6.450434       3.318187            nan            nan
        71      -6.478834       3.334882            nan            nan
        72      -6.499862       3.453134            nan            nan
        73      -6.513446       3.551428            nan            nan
        74      -6.519051       3.573982            nan            nan
        75      -6.516642       3.539575            nan            nan
        76      -6.506672       3.572714            nan            nan
        77      -6.489109       3.464769            nan            nan
        78      -6.464267       3.425242            nan            nan
        79      -6.431846       3.494663            nan            nan
        80      -6.392391       3.429486            nan            nan
        81      -6.345785       3.361852            nan            nan
        82      -6.291827       3.408260            nan            nan
        83      -6.230739       3.467400            nan            nan
        84      -6.162536       3.462569            nan            nan
        85      -6.088058       3.398902            nan            nan
        86      -6.009321       3.257075            nan            nan
        87      -5.926493       3.265740            nan            nan
        88      -5.839220       3.295492            nan            nan
        89      -5.748727       3.273005            nan            nan
        90      -5.656485       3.106777            nan            nan
        91      -5.562140       3.065039            nan            nan
        92      -5.466782       2.940950            nan            nan
        93      -5.371939       2.811304            nan            nan
        94      -5.277288       2.765976            nan            nan
        95      -5.182981       2.628995            nan            nan
        96      -5.090179       2.577261            nan            nan
        97      -4.998495       2.525839            nan            nan
        98      -4.907934       2.481266            nan            nan
        99      -4.820043       2.364137            nan            nan
       100      -4.735521       2.285956            nan            nan
       101      -4.653554       2.240422            nan            nan
       102      -4.574285       2.223634            nan            nan
       103      -4.498094       2.080554            nan            nan
       104      -4.426325       1.962522            nan            nan
       105      -4.357991       1.865930            nan            nan
       106      -4.293858       1.759347            nan            nan
       107      -4.233713       1.703016            nan            nan
       108      -4.177091       1.678769            nan            nan
       109      -4.123921       1.621255            nan            nan
       110      -4.074192       1.581581            nan            nan
       111      -4.027960       1.517749            nan            nan
       112      -3.985733       1.440620            nan            nan
       113      -3.947239       1.407838            nan            nan
       114      -3.912046       1.338181            nan            nan
       115      -3.879858       1.350776            nan            nan
       116      -3.850591       1.359437            nan            nan
       117      -3.823863       1.367628            nan            nan
       118      -3.799775       1.433343            nan            nan
       119      -3.778359       1.437602            nan            nan
       120      -3.760523       1.420215            nan            nan
       121      -3.746029       1.355381            nan            nan
       122      -3.734887       1.377006            nan            nan
       123      -3.727028       1.344865            nan            nan
       124      -3.722404       1.325142            nan            nan
       125      -3.721039       1.340912            nan            nan
       126      -3.722917       1.314575            nan            nan
       127      -3.727924       1.294094            nan            nan
       128      -3.736008       1.295846            nan            nan
       129      -3.747048       1.237422            nan            nan
       130      -3.761106       1.250121            nan            nan
       131      -3.778093       1.249012            nan            nan
       132      -3.798401       1.303530            nan            nan
       133      -3.822026       1.351037            nan            nan
       134      -3.848714       1.396736            nan            nan
       135      -3.878780       1.395704            nan            nan
       136      -3.912252       1.450236            nan            nan
       137      -3.949245       1.456991            nan            nan
       138      -3.989588       1.522936            nan            nan
       139      -4.033465       1.531295            nan            nan
       140      -4.080974       1.553782            nan            nan
       141      -4.132590       1.578916            nan            nan
       142      -4.187952       1.613812            nan            nan
       143      -4.246127       1.608327            nan            nan
       144      -4.307779       1.646244            nan            nan
       145      -4.371719       1.657985            nan            nan
       146      -4.439063       1.775700            nan            nan
       147      -4.510320       1.746840            nan            nan
       148      -4.584893       1.830581            nan            nan
       149      -4.663191       1.913156            nan            nan
       150      -4.744893       1.986235            nan            nan
       151      -4.828815       1.955315            nan            nan
       152      -4.915634       2.103382            nan            nan
       153      -5.007161       2.255133            nan            nan
       154      -5.103290       2.436217            nan            nan
       155      -5.202589       2.487068            nan            nan
       156      -5.303788       2.528052            nan            nan
       157      -5.406358       2.669454            nan            nan
       158      -5.510841       2.830183            nan            nan
       159      -5.617305       2.893139            nan            nan
       160      -5.723415       2.986983            nan            nan
       161      -5.829088       3.052326            nan            nan
       162      -5.934373       3.165762            nan            nan
       163      -6.039407       3.376562            nan            nan
       164      -6.142743       3.465198            nan            nan
       165      -6.242873       3.536972            nan            nan
       166      -6.339444       3.718988            nan            nan
       167      -6.431667       3.880380            nan            nan
       168      -6.518824       4.042865            nan            nan
       169      -6.599399       4.078052            nan            nan
       170      -6.671119       4.054188            nan            nan
       171      -6.733640       4.054052            nan            nan
       172      -6.786345       4.162912            nan            nan
       173      -6.828664       4.165887            nan            nan
       174      -6.860204       4.201109            nan            nan
       175      -6.880323       4.168025            nan            nan
       176      -6.888665       4.236666            nan            nan
       177      -6.884377       4.266054            nan            nan
       178      -6.867991       4.201225            nan            nan
       179      -6.840079       4.200220            nan            nan
       180      -6.800321       4.199859            nan            nan
       181      -6.749318       4.184119            nan            nan
       182      -6.687646       4.071172            nan            nan
       183      -6.616637       3.999926            nan            nan
       184      -6.537753       3.830165            nan            nan
       185      -6.452268       3.695715            nan            nan
       186      -6.360689       3.486892            nan            nan
       187      -6.265553       3.320008            nan            nan
       188      -6.167300       3.164044            nan            nan
       189      -6.068014       3.090116            nan            nan
       190      -5.965265       3.010744            nan            nan
       191      -5.859792       2.954297            nan            nan
       192      -5.751419       2.797268            nan            nan
       193      -5.643626       2.677221            nan            nan
       194      -5.536209       2.557748            nan            nan
       195      -5.428783       2.468149            nan            nan
       196      -5.322441       2.399587            nan            nan
       197      -5.220236       2.277766            nan            nan
       198      -5.119714       2.227828            nan            nan
       199      -5.021134       2.203125            nan            nan
       200      -4.925770       2.090217            nan            nan
       201      -4.833554       1.969163            nan            nan
       202      -4.745301       1.898517            nan            nan
       203      -4.660819       1.798470            nan            nan
       204      -4.580503       1.718619            nan            nan
       205      -4.504271       1.620500            nan            nan
       206      -4.432241       1.545117            nan            nan
       207      -4.364971       1.464233            nan            nan
       208      -4.304550       1.329835            nan            nan
       209      -4.251227       1.290384            nan            nan
       210      -4.202652       1.276978            nan            nan
       211      -4.157691       1.244784            nan            nan
       212      -4.117754       1.228381            nan            nan
       213      -4.081400       1.210382            nan            nan
       214      -4.049823       1.155269            nan            nan
       215      -4.023860       1.121452            nan            nan
       216      -4.002653       1.092048            nan            nan
       217      -3.984136       1.068247            nan            nan
       218      -3.971884       1.065646            nan            nan
       219      -3.963665       1.040046            nan            nan
       220      -3.960093       1.069311            nan            nan
       221      -3.960873       1.119050            nan            nan
       222      -3.967117       1.110099            nan            nan
       223      -3.978295       1.139491            nan            nan
       224      -3.995380       1.187234            nan            nan
       225      -4.018962       1.238841            nan            nan
       226      -4.050763       1.313161            nan            nan
       227      -4.086654       1.308989            nan            nan
       228      -4.128830       1.344538            nan            nan
       229      -4.177913       1.401749            nan            nan
       230      -4.232650       1.384318            nan            nan
       231      -4.292908       1.445775            nan            nan
       232      -4.357584       1.536351            nan            nan
       233      -4.427158       1.587228            nan            nan
       234      -4.503655       1.612260            nan            nan
       235      -4.585946       1.639795            nan            nan
       236      -4.674827       1.734778            nan            nan
       237      -4.772276       1.789009            nan            nan
       238      -4.876661       1.957583            nan            nan
       239      -4.989938       2.060025            nan            nan
       240      -5.109902       2.165764            nan            nan
       241      -5.237505       2.264225            nan            nan
       242      -5.374695       2.443455            nan            nan
       243      -5.520929       2.614712            nan            nan
       244      -5.674070       2.757787            nan            nan
       245      -5.837012       2.990091            nan            nan
       246      -6.008344       3.198023            nan            nan
       247      -6.187686       3.362619            nan            nan
       248      -6.373665       3.526012            nan            nan
       249      -6.563858       3.597309            nan            nan
       250      -6.758502       3.722898            nan            nan
       251      -6.955539       3.891667            nan            nan
       252      -7.157536       4.112585            nan            nan
       253      -7.363664       4.394855            nan            nan
       254      -7.572690       4.560040            nan            nan
       255      -7.780965       4.754185            nan            nan
       256      -7.988919       4.973170            nan            nan
       257      -8.194690       5.214759            nan            nan
       258      -8.395911       5.307715            nan            nan
       259      -8.587874       5.442259            nan            nan
       260      -8.771078       5.567873            nan            nan
       261      -8.943181       5.726378            nan            nan
       262      -9.103976       5.946401            nan            nan
