# Cycle: 4521, status: ACC, move: ('wf', 9000, 1, 263)
#     Time       Orderp
         0    -0.241528    -0.241528    -0.280282    -9.084609
         1    -0.150000    -0.246558    -0.275680    -8.933556
         2    -0.150000    -0.251534    -0.271127    -8.772382
         3    -0.150000    -0.256453    -0.266596    -8.602073
         4    -0.150000    -0.261294    -0.262105    -8.424483
         5    -0.150000    -0.265967    -0.257667    -8.243876
         6    -0.150000    -0.270481    -0.253247    -8.061201
         7    -0.150000    -0.274866    -0.248811    -7.876468
         8    -0.150000    -0.279079    -0.244411    -7.692766
         9    -0.150000    -0.283135    -0.240025    -7.510450
        10    -0.150000    -0.287020    -0.235573    -7.330466
        11    -0.150000    -0.290700    -0.231156    -7.155765
        12    -0.150000    -0.294189    -0.226823    -6.986894
        13    -0.150000    -0.297536    -0.222524    -6.822162
        14    -0.150000    -0.300782    -0.218283    -6.660594
        15    -0.150000    -0.303894    -0.214091    -6.503827
        16    -0.150000    -0.306865    -0.209989    -6.352797
        17    -0.150000    -0.309703    -0.205982    -6.207467
        18    -0.150000    -0.312420    -0.202016    -6.067242
        19    -0.150000    -0.314979    -0.198072    -5.933617
        20    -0.150000    -0.317350    -0.194191    -5.808260
        21    -0.150000    -0.319544    -0.190312    -5.690416
        22    -0.150000    -0.321530    -0.186427    -5.581344
        23    -0.150000    -0.323331    -0.182503    -5.479785
        24    -0.150000    -0.324934    -0.178616    -5.386874
        25    -0.150000    -0.326375    -0.174791    -5.301268
        26    -0.150000    -0.327619    -0.170984    -5.223935
        27    -0.150000    -0.328663    -0.167179    -5.154804
        28    -0.150000    -0.329563    -0.163447    -5.092101
        29    -0.150000    -0.330296    -0.159710    -5.036109
        30    -0.150000    -0.330805    -0.155942    -4.988721
        31    -0.150000    -0.331181    -0.152232    -4.946953
        32    -0.150000    -0.331397    -0.148557    -4.911593
        33    -0.150000    -0.331451    -0.144896    -4.882436
        34    -0.150000    -0.331287    -0.141172    -4.861002
        35    -0.150000    -0.330944    -0.137443    -4.846113
        36    -0.150000    -0.330476    -0.133783    -4.836079
        37    -0.150000    -0.329883    -0.130207    -4.831038
        38    -0.150000    -0.329111    -0.126671    -4.832566
        39    -0.150000    -0.328191    -0.123136    -4.839123
        40    -0.150000    -0.327120    -0.119581    -4.850533
        41    -0.150000    -0.325906    -0.116066    -4.866851
        42    -0.150000    -0.324564    -0.112608    -4.887661
        43    -0.150000    -0.323113    -0.109207    -4.912084
        44    -0.150000    -0.321511    -0.105931    -4.942267
        45    -0.150000    -0.319775    -0.102691    -4.976648
        46    -0.150000    -0.317790    -0.099470    -5.019114
        47    -0.150000    -0.315616    -0.096255    -5.067158
        48    -0.150000    -0.313336    -0.093074    -5.117888
        49    -0.150000    -0.310929    -0.089901    -5.171664
        50    -0.150000    -0.308372    -0.086770    -5.229417
        51    -0.150000    -0.305681    -0.083688    -5.290451
        52    -0.150000    -0.302815    -0.080733    -5.356629
        53    -0.150000    -0.299827    -0.077776    -5.424662
        54    -0.150000    -0.296735    -0.074836    -5.493841
        55    -0.150000    -0.293542    -0.071855    -5.563148
        56    -0.150000    -0.290241    -0.068870    -5.632832
        57    -0.150000    -0.286796    -0.065911    -5.703997
        58    -0.150000    -0.283270    -0.062963    -5.774115
        59    -0.150000    -0.279591    -0.060025    -5.844860
        60    -0.150000    -0.275838    -0.057134    -5.913973
        61    -0.150000    -0.271986    -0.054295    -5.981838
        62    -0.150000    -0.268082    -0.051533    -6.047105
        63    -0.150000    -0.264097    -0.048845    -6.110127
        64    -0.150000    -0.259946    -0.046205    -6.172136
        65    -0.150000    -0.255775    -0.043679    -6.230070
        66    -0.150000    -0.251612    -0.041246    -6.282955
        67    -0.150000    -0.247397    -0.038824    -6.330700
        68    -0.150000    -0.243063    -0.036465    -6.374856
        69    -0.150000    -0.238569    -0.034144    -6.415039
        70    -0.150000    -0.233955    -0.031902    -6.450434
        71    -0.150000    -0.229325    -0.029717    -6.478834
        72    -0.150000    -0.224654    -0.027554    -6.499862
        73    -0.150000    -0.219891    -0.025394    -6.513446
        74    -0.150000    -0.215073    -0.023252    -6.519051
        75    -0.150000    -0.210236    -0.021153    -6.516642
        76    -0.150000    -0.205352    -0.019123    -6.506672
        77    -0.150000    -0.200463    -0.017174    -6.489109
        78    -0.150000    -0.195616    -0.015315    -6.464267
        79    -0.150000    -0.190742    -0.013507    -6.431846
        80    -0.150000    -0.185831    -0.011785    -6.392391
        81    -0.150000    -0.180959    -0.010105    -6.345785
        82    -0.150000    -0.176082    -0.008443    -6.291827
        83    -0.150000    -0.171138    -0.006826    -6.230739
        84    -0.150000    -0.166158    -0.005228    -6.162536
        85    -0.150000    -0.161237    -0.003614    -6.088058
        86    -0.150000    -0.156382    -0.002071    -6.009321
        87    -0.150000    -0.151547    -0.000607    -5.926493
        88    -0.146682    -0.146682     0.000788    -5.839220
        89    -0.141780    -0.141780     0.002039    -5.748727
        90    -0.136930    -0.136930     0.003174    -5.656485
        91    -0.132119    -0.132119     0.004250    -5.562140
        92    -0.127378    -0.127378     0.005270    -5.466782
        93    -0.122741    -0.122741     0.006210    -5.371939
        94    -0.118185    -0.118185     0.007114    -5.277288
        95    -0.113700    -0.113700     0.008001    -5.182981
        96    -0.109292    -0.109292     0.008818    -5.090179
        97    -0.104909    -0.104909     0.009553    -4.998495
        98    -0.100540    -0.100540     0.010215    -4.907934
        99    -0.096257    -0.096257     0.010826    -4.820043
       100    -0.092085    -0.092085     0.011394    -4.735521
       101    -0.087957    -0.087957     0.011903    -4.653554
       102    -0.083871    -0.083871     0.012360    -4.574285
       103    -0.079830    -0.079830     0.012752    -4.498094
       104    -0.075937    -0.075937     0.013163    -4.426325
       105    -0.072164    -0.072164     0.013671    -4.357991
       106    -0.068504    -0.068504     0.014174    -4.293858
       107    -0.064914    -0.064914     0.014609    -4.233713
       108    -0.061354    -0.061354     0.014955    -4.177091
       109    -0.057837    -0.057837     0.015255    -4.123921
       110    -0.054373    -0.054373     0.015546    -4.074192
       111    -0.050962    -0.050962     0.015821    -4.027960
       112    -0.047644    -0.047644     0.016071    -3.985733
       113    -0.044402    -0.044402     0.016294    -3.947239
       114    -0.041213    -0.041213     0.016505    -3.912046
       115    -0.038049    -0.038049     0.016705    -3.879858
       116    -0.034900    -0.034900     0.016898    -3.850591
       117    -0.031731    -0.031731     0.017123    -3.823863
       118    -0.028520    -0.028520     0.017350    -3.799775
       119    -0.025223    -0.025223     0.017549    -3.778359
       120    -0.021960    -0.021960     0.017700    -3.760523
       121    -0.018705    -0.018705     0.017826    -3.746029
       122    -0.015490    -0.015490     0.017975    -3.734887
       123    -0.012310    -0.012310     0.018154    -3.727028
       124    -0.009142    -0.009142     0.018348    -3.722404
       125    -0.005979    -0.005979     0.018523    -3.721039
       126    -0.002827    -0.002827     0.018652    -3.722917
       127     0.000293     0.000293     0.018825    -3.727924
       128     0.003387     0.003387     0.018983    -3.736008
       129     0.006450     0.006450     0.019120    -3.747048
       130     0.009513     0.009513     0.019271    -3.761106
       131     0.012562     0.012562     0.019431    -3.778093
       132     0.015682     0.015682     0.019519    -3.798401
       133     0.018856     0.018856     0.019550    -3.822026
       134     0.022054     0.022054     0.019506    -3.848714
       135     0.025304     0.025304     0.019426    -3.878780
       136     0.028589     0.028589     0.019363    -3.912252
       137     0.031910     0.031910     0.019337    -3.949245
       138     0.035258     0.035258     0.019316    -3.989588
       139     0.038640     0.038640     0.019327    -4.033465
       140     0.042071     0.042071     0.019343    -4.080974
       141     0.045554     0.045554     0.019445    -4.132590
       142     0.049064     0.049064     0.019628    -4.187952
       143     0.052562     0.052562     0.019839    -4.246127
       144     0.056108     0.056108     0.020038    -4.307779
       145     0.059639     0.059639     0.020230    -4.371719
       146     0.063233     0.063233     0.020396    -4.439063
       147     0.066882     0.066882     0.020648    -4.510320
       148     0.070577     0.070577     0.020924    -4.584893
       149     0.074352     0.074352     0.021213    -4.663191
       150     0.078203     0.078203     0.021494    -4.744893
       151     0.082070     0.082070     0.021802    -4.828815
       152     0.085985     0.085985     0.022163    -4.915634
       153     0.090039     0.090039     0.022578    -5.007161
       154     0.094230     0.094230     0.023066    -5.103290
       155     0.098524     0.098524     0.023576    -5.202589
       156     0.102870     0.102870     0.024136    -5.303788
       157     0.107285     0.107285     0.024696    -5.406358
       158     0.111804     0.111804     0.025279    -5.510841
       159     0.116453     0.116453     0.025893    -5.617305
       160     0.121145     0.121145     0.026552    -5.723415
       161     0.125893     0.125893     0.027269    -5.829088
       162     0.130715     0.130715     0.028072    -5.934373
       163     0.135661     0.135661     0.028952    -6.039407
       164     0.140704     0.140704     0.029901    -6.142743
       165     0.145807     0.145807     0.030914    -6.242873
       166     0.151030     0.151030     0.031955    -6.339444
       167     0.156344     0.156344     0.033077    -6.431667
       168     0.161748     0.161748     0.034299    -6.518824
       169     0.167233     0.167233     0.035591    -6.599399
       170     0.172696     0.172696     0.036924    -6.671119
       171     0.178166     0.178166     0.038290    -6.733640
       172     0.180000     0.183675     0.039672    -6.786345
       173     0.180000     0.189219     0.041077    -6.828664
       174     0.180000     0.194781     0.042519    -6.860204
       175     0.180000     0.200322     0.043980    -6.880323
       176     0.180000     0.205867     0.045449    -6.888665
       177     0.180000     0.211468     0.046898    -6.884377
       178     0.180000     0.217063     0.048363    -6.867991
       179     0.180000     0.222629     0.049865    -6.840079
       180     0.180000     0.228216     0.051407    -6.800321
       181     0.180000     0.233758     0.052964    -6.749318
       182     0.180000     0.239235     0.054521    -6.687646
       183     0.180000     0.244653     0.056134    -6.616637
       184     0.180000     0.249961     0.057789    -6.537753
       185     0.180000     0.255142     0.059485    -6.452268
       186     0.180000     0.260191     0.061177    -6.360689
       187     0.180000     0.265067     0.062903    -6.265553
       188     0.180000     0.269808     0.064691    -6.167300
       189     0.180000     0.274393     0.066594    -6.068014
       190     0.180000     0.278911     0.068551    -5.965265
       191     0.180000     0.283333     0.070508    -5.859792
       192     0.180000     0.287686     0.072466    -5.751419
       193     0.180000     0.291879     0.074431    -5.643626
       194     0.180000     0.295946     0.076425    -5.536209
       195     0.180000     0.299918     0.078455    -5.428783
       196     0.180000     0.303784     0.080547    -5.322441
       197     0.180000     0.307467     0.082709    -5.220236
       198     0.180000     0.311052     0.084945    -5.119714
       199     0.180000     0.314538     0.087243    -5.021134
       200     0.180000     0.317896     0.089610    -4.925770
       201     0.180000     0.321118     0.091977    -4.833554
       202     0.180000     0.324200     0.094392    -4.745301
       203     0.180000     0.327145     0.096817    -4.660819
       204     0.180000     0.329948     0.099261    -4.580503
       205     0.180000     0.332614     0.101711    -4.504271
       206     0.180000     0.335143     0.104167    -4.432241
       207     0.180000     0.337528     0.106659    -4.364971
       208     0.180000     0.339710     0.109165    -4.304550
       209     0.180000     0.341690     0.111706    -4.251227
       210     0.180000     0.343532     0.114287    -4.202652
       211     0.180000     0.345269     0.116898    -4.157691
       212     0.180000     0.346864     0.119554    -4.117754
       213     0.180000     0.348361     0.122270    -4.081400
       214     0.180000     0.349715     0.124975    -4.049823
       215     0.180000     0.350910     0.127710    -4.023860
       216     0.180000     0.351968     0.130451    -4.002653
       217     0.180000     0.352941     0.133182    -3.984136
       218     0.180000     0.353741     0.135938    -3.971884
       219     0.180000     0.354428     0.138723    -3.963665
       220     0.180000     0.354988     0.141540    -3.960093
       221     0.180000     0.355436     0.144428    -3.960873
       222     0.180000     0.355737     0.147353    -3.967117
       223     0.180000     0.355908     0.150320    -3.978295
       224     0.180000     0.355925     0.153336    -3.995380
       225     0.180000     0.355769     0.156366    -4.018962
       226     0.180000     0.355403     0.159442    -4.050763
       227     0.180000     0.354940     0.162588    -4.086654
       228     0.180000     0.354313     0.165723    -4.128830
       229     0.180000     0.353513     0.168875    -4.177913
       230     0.180000     0.352568     0.171993    -4.232650
       231     0.180000     0.351492     0.175132    -4.292908
       232     0.180000     0.350320     0.178329    -4.357584
       233     0.180000     0.349040     0.181568    -4.427158
       234     0.180000     0.347592     0.184767    -4.503655
       235     0.180000     0.346010     0.187955    -4.585946
       236     0.180000     0.344279     0.191136    -4.674827
       237     0.180000     0.342350     0.194294    -4.772276
       238     0.180000     0.340273     0.197482    -4.876661
       239     0.180000     0.338008     0.200739    -4.989938
       240     0.180000     0.335602     0.204008    -5.109902
       241     0.180000     0.333032     0.207277    -5.237505
       242     0.180000     0.330251     0.210536    -5.374695
       243     0.180000     0.327284     0.213886    -5.520929
       244     0.180000     0.324171     0.217252    -5.674070
       245     0.180000     0.320846     0.220669    -5.837012
       246     0.180000     0.317339     0.224151    -6.008344
       247     0.180000     0.313642     0.227631    -6.187686
       248     0.180000     0.309782     0.231135    -6.373665
       249     0.180000     0.305801     0.234629    -6.563858
       250     0.180000     0.301670     0.238048    -6.758502
       251     0.180000     0.297435     0.241466    -6.955539
       252     0.180000     0.293021     0.244934    -7.157536
       253     0.180000     0.288419     0.248408    -7.363664
       254     0.180000     0.283637     0.251922    -7.572690
       255     0.180000     0.278729     0.255435    -7.780965
       256     0.180000     0.273651     0.258953    -7.988919
       257     0.180000     0.268407     0.262469    -8.194690
       258     0.180000     0.263023     0.266009    -8.395911
       259     0.180000     0.257589     0.269542    -8.587874
       260     0.180000     0.252047     0.273086    -8.771078
       261     0.180000     0.246426     0.276653    -8.943181
       262     0.240657     0.240657     0.280210    -9.103976
