# Cycle: 9988, status: ACC, move: ('wf', 9000, 2, 27)
#     Time       Orderp
         0     1.067003     0.000000    -1.000000    -1.000000    -1.000000
         1     1.077421     0.000000    -1.000000    -1.000000    -1.000000
         2     1.084732     0.000000    -1.000000    -1.000000    -1.000000
         3     1.088364     0.000000    -1.000000    -1.000000    -1.000000
         4     1.087997     0.000000    -1.000000    -1.000000    -1.000000
         5     1.083605     0.000000    -1.000000    -1.000000    -1.000000
         6     1.075516     0.000000    -1.000000    -1.000000    -1.000000
         7     1.099211     0.000000    -1.000000    -1.000000    -1.000000
         8     1.132950     0.000000    -1.000000    -1.000000    -1.000000
         9     1.163306     0.000000    -1.000000    -1.000000    -1.000000
        10     1.189647     0.000000    -1.000000    -1.000000    -1.000000
        11     1.211650     0.000000    -1.000000    -1.000000    -1.000000
        12     1.229147     0.000000    -1.000000    -1.000000    -1.000000
        13     1.241963     0.000000    -1.000000    -1.000000    -1.000000
        14     1.250223     0.000000    -1.000000    -1.000000    -1.000000
        15     1.253816     0.000000    -1.000000    -1.000000    -1.000000
        16     1.252691     0.000000    -1.000000    -1.000000    -1.000000
        17     1.246789     0.000000    -1.000000    -1.000000    -1.000000
        18     1.235957     0.000000    -1.000000    -1.000000    -1.000000
        19     1.220093     0.000000    -1.000000    -1.000000    -1.000000
        20     1.199140     0.000000    -1.000000    -1.000000    -1.000000
        21     1.173280     0.000000    -1.000000    -1.000000    -1.000000
        22     1.142922     0.000000    -1.000000    -1.000000    -1.000000
        23     1.108974     0.000000    -1.000000    -1.000000    -1.000000
        24     1.078640     0.000000    -1.000000    -1.000000    -1.000000
        25     1.076398     0.000000    -1.000000    -1.000000    -1.000000
        26     1.069258     0.000000    -1.000000    -1.000000    -1.000000
