# Cycle: 4543, status: ACC, move: ('wf', 9000, 3, 68)
#     Time       Orderp
         0    -0.186547    -0.186547    -0.215086    -9.005958
         1    -0.150000    -0.182864    -0.214577    -8.974162
         2    -0.150000    -0.179205    -0.214124    -8.936294
         3    -0.150000    -0.175562    -0.213681    -8.892057
         4    -0.150000    -0.171941    -0.213315    -8.842371
         5    -0.150000    -0.168406    -0.212999    -8.788226
         6    -0.150000    -0.164921    -0.212687    -8.729143
         7    -0.150000    -0.161446    -0.212416    -8.665121
         8    -0.150000    -0.158041    -0.212210    -8.597795
         9    -0.150000    -0.154662    -0.212039    -8.526382
        10    -0.150000    -0.151398    -0.211896    -8.453123
        11    -0.148243    -0.148243    -0.211764    -8.378361
        12    -0.145167    -0.145167    -0.211707    -8.302392
        13    -0.142138    -0.142138    -0.211683    -8.224481
        14    -0.139133    -0.139133    -0.211683    -8.144177
        15    -0.136243    -0.136243    -0.211706    -8.064257
        16    -0.133433    -0.133433    -0.211770    -7.984287
        17    -0.130767    -0.130767    -0.211798    -7.905883
        18    -0.128258    -0.128258    -0.211848    -7.830380
        19    -0.125817    -0.125817    -0.211984    -7.755957
        20    -0.123525    -0.123525    -0.212137    -7.684785
        21    -0.121371    -0.121371    -0.212333    -7.617109
        22    -0.119365    -0.119365    -0.212579    -7.553536
        23    -0.117513    -0.117513    -0.212864    -7.494416
        24    -0.115768    -0.115768    -0.213171    -7.438302
        25    -0.114070    -0.114070    -0.213454    -7.382921
        26    -0.112461    -0.112461    -0.213745    -7.330033
        27    -0.110964    -0.110964    -0.214001    -7.280285
        28    -0.109641    -0.109641    -0.214287    -7.236378
        29    -0.108441    -0.108441    -0.214600    -7.196609
        30    -0.107408    -0.107408    -0.214954    -7.162793
        31    -0.106546    -0.106546    -0.215335    -7.134984
        32    -0.105859    -0.105859    -0.215738    -7.113421
        33    -0.105292    -0.105292    -0.216166    -7.096170
        34    -0.104827    -0.104827    -0.216610    -7.082623
        35    -0.104526    -0.104526    -0.217131    -7.075398
        36    -0.104321    -0.104321    -0.217678    -7.071741
        37    -0.104230    -0.104230    -0.218252    -7.072343
        38    -0.104300    -0.104300    -0.218882    -7.079091
        39    -0.104547    -0.104547    -0.219547    -7.092411
        40    -0.104870    -0.104870    -0.220255    -7.108745
        41    -0.105250    -0.105250    -0.220984    -7.127252
        42    -0.105850    -0.105850    -0.221741    -7.153843
        43    -0.106643    -0.106643    -0.222536    -7.187583
        44    -0.107587    -0.107587    -0.223330    -7.226651
        45    -0.108672    -0.108672    -0.224122    -7.270649
        46    -0.109920    -0.109920    -0.224899    -7.320185
        47    -0.111300    -0.111300    -0.225722    -7.374522
        48    -0.112833    -0.112833    -0.226608    -7.434369
        49    -0.114509    -0.114509    -0.227489    -7.498800
        50    -0.116299    -0.116299    -0.228371    -7.566743
        51    -0.118272    -0.118272    -0.229305    -7.640696
        52    -0.120434    -0.120434    -0.230242    -7.720274
        53    -0.122740    -0.122740    -0.231209    -7.803862
        54    -0.125138    -0.125138    -0.232211    -7.889479
        55    -0.127649    -0.127649    -0.233220    -7.977369
        56    -0.130327    -0.130327    -0.234246    -8.068972
        57    -0.133157    -0.133157    -0.235288    -8.163272
        58    -0.136150    -0.136150    -0.236361    -8.260244
        59    -0.139246    -0.139246    -0.237462    -8.357511
        60    -0.142380    -0.142380    -0.238636    -8.453185
        61    -0.145636    -0.145636    -0.239882    -8.549149
        62    -0.149059    -0.149059    -0.241139    -8.645369
        63    -0.150000    -0.152594    -0.242402    -8.739656
        64    -0.150000    -0.156167    -0.243656    -8.829613
        65    -0.150000    -0.159844    -0.244863    -8.915807
        66    -0.150000    -0.163555    -0.246008    -8.996098
        67    -0.167323    -0.167323    -0.247209    -9.071440
