# Cycle: 18, status: ACC, move: None
#     Time      Potential        Kinetic
         0  -18424.035156    3748.722168            nan            nan
         1  -18364.085938    3683.308105            nan            nan
         2  -18293.267578    3910.769043            nan            nan
         3  -18184.517578    3799.868652            nan            nan
         4  -18232.974609    4000.976074            nan            nan
         5  -18090.468750    3853.631836            nan            nan
         6  -17952.792969    3853.214111            nan            nan
         7  -18005.779297    3903.022705            nan            nan
