# Cycle: 9976, status: ACC, move: ('wf', 9000, 2, 22)
#     Time      Potential        Kinetic
         0   -8242.877600      94.645183            nan            nan
         1   -8240.595900      92.423817            nan            nan
         2   -8238.626200      90.484782            nan            nan
         3   -8237.360900      89.211518            nan            nan
         4   -8236.822000      88.653189            nan            nan
         5   -8236.805700      88.617063            nan            nan
         6   -8236.981200      88.771149            nan            nan
         7   -8237.013800      88.792842            nan            nan
         8   -8236.708600      88.483695            nan            nan
         9   -8236.067100      87.853373            nan            nan
        10   -8235.299600      87.105726            nan            nan
        11   -8234.708800      86.530505            nan            nan
        12   -8234.525800      86.346862            nan            nan
        13   -8234.782700      86.584582            nan            nan
        14   -8235.239100      87.035903            nan            nan
        15   -8235.619400      87.402689            nan            nan
        16   -8235.712600      87.501699            nan            nan
        17   -8235.532500      87.339287            nan            nan
        18   -8235.287900      87.109092            nan            nan
        19   -8235.232300      87.060259            nan            nan
        20   -8235.520100      87.337703            nan            nan
        21   -8236.080600      87.869765            nan            nan
