# Cycle: 9992, status: ACC, move: ('wf', 9000, 2, 18)
#     Time      Potential        Kinetic
         0   -8241.280600      86.428536            nan            nan
         1   -8239.754100      84.930281            nan            nan
         2   -8237.189000      82.405826            nan            nan
         3   -8234.144700      79.406044            nan            nan
         4   -8231.199900      76.494434            nan            nan
         5   -8228.768000      74.084145            nan            nan
         6   -8227.078600      72.413929            nan            nan
         7   -8226.293600      71.640645            nan            nan
         8   -8226.515500      71.873865            nan            nan
         9   -8227.731000      73.077539            nan            nan
        10   -8229.692700      75.004151            nan            nan
        11   -8231.964400      77.231862            nan            nan
        12   -8234.028200      79.253316            nan            nan
        13   -8235.434500      80.627597            nan            nan
        14   -8235.936000      81.110753            nan            nan
        15   -8235.557000      80.731290            nan            nan
        16   -8234.615800      79.799909            nan            nan
        17   -8233.660900      78.874386            nan            nan
