# Cycle: 9992, status: ACC, move: ('wf', 9000, 2, 18)
#     Time       Orderp
         0     1.055327     0.000000    -1.000000    -1.000000    -1.000000
         1     1.096999     0.000000    -1.000000    -1.000000    -1.000000
         2     1.134789     0.000000    -1.000000    -1.000000    -1.000000
         3     1.166569     0.000000    -1.000000    -1.000000    -1.000000
         4     1.190829     0.000000    -1.000000    -1.000000    -1.000000
         5     1.206191     0.000000    -1.000000    -1.000000    -1.000000
         6     1.212284     0.000000    -1.000000    -1.000000    -1.000000
         7     1.208701     0.000000    -1.000000    -1.000000    -1.000000
         8     1.195581     0.000000    -1.000000    -1.000000    -1.000000
         9     1.173413     0.000000    -1.000000    -1.000000    -1.000000
        10     1.143322     0.000000    -1.000000    -1.000000    -1.000000
        11     1.106688     0.000000    -1.000000    -1.000000    -1.000000
        12     1.086475     0.000000    -1.000000    -1.000000    -1.000000
        13     1.090289     0.000000    -1.000000    -1.000000    -1.000000
        14     1.089057     0.000000    -1.000000    -1.000000    -1.000000
        15     1.082465     0.000000    -1.000000    -1.000000    -1.000000
        16     1.070534     0.000000    -1.000000    -1.000000    -1.000000
        17     1.053864     0.000000    -1.000000    -1.000000    -1.000000
