# atomi atomj    mean         stddev
    4     0   1.49539304   0.04165177
   21     0   2.49748802   0.07653797
   21     4   1.52472949   0.03961385
   22     0   2.91820693   0.26309332
   22     4   2.39335012   0.05545855
   22    21   1.22847104   0.02636519
   23     0   3.55315328   0.24678083
   23     4   2.47163892   0.05939418
   23    21   1.35081398   0.03293219
   23    22   2.24302959   0.05017084
   25     0   4.80540419   0.21302710
   25     4   3.84065390   0.06660122
   25    21   2.47206402   0.05672403
   25    22   2.79577065   0.09622235
   25    23   1.45496261   0.03534914
   42     0   5.55905581   0.41661766
   42     4   4.62762690   0.16398068
   42    21   3.35398817   0.20191704
   42    22   3.57649064   0.39013970
   42    23   2.45339060   0.08178411
   42    25   1.52745116   0.04048471
   43     0   5.96151352   0.56493133
   43     4   4.99062872   0.39728794
   43    21   3.92508268   0.34166405
   43    22   4.28883600   0.54553461
   43    23   3.00332642   0.28259766
   43    25   2.40886426   0.05667100
   43    42   1.23139966   0.02649969
   44     0   6.13387394   0.75273585
   44     4   5.34304857   0.48078671
   44    21   4.05210543   0.43240780
   44    22   4.01466656   0.60489678
   44    23   3.38745427   0.27481231
   44    25   2.45425820   0.06003788
   44    42   1.34727740   0.03335470
   44    43   2.24664736   0.05095518
   46     0   7.18092632   0.92252690
   46     4   6.44954014   0.53576040
   46    21   5.27543163   0.47084668
   46    22   5.20972347   0.71464753
   46    23   4.66702843   0.24711780
   46    25   3.82399297   0.06702909
   46    42   2.46772814   0.05667511
   46    43   2.80517197   0.09587721
   46    44   1.44937778   0.03527161
   54     0   8.27527142   0.98597842
   54     4   7.55752993   0.61617851
   54    21   6.32067728   0.51176107
   54    22   6.18842411   0.72320151
   54    23   5.65372992   0.31159356
   54    25   4.63042784   0.16235177
   54    42   3.40880370   0.19629864
   54    43   3.71783423   0.37916657
   54    44   2.43613768   0.08211926
   54    46   1.53826725   0.04034296
   55     0   8.49346542   1.15001190
   55     4   7.83498001   0.83536220
   55    21   6.56094599   0.68701649
   55    22   6.30898237   0.86594814
   55    23   5.97910213   0.49464440
   55    25   4.91932487   0.35509959
   55    42   3.94544959   0.33583480
   55    43   4.46598673   0.51318508
   55    44   2.90122890   0.20272772
   55    46   2.38797212   0.05808097
   55    54   1.23437262   0.02634302
   56     0   9.19320107   0.99587071
   56     4   8.44546223   0.61545068
   56    21   7.24528790   0.51856089
   56    22   7.18405867   0.73189098
   56    23   6.49217844   0.35092241
   56    25   5.45780754   0.27173710
   56    42   4.20084667   0.27248999
   56    43   4.23216820   0.48969129
   56    44   3.47207308   0.15867062
   56    46   2.52159786   0.06062723
   56    54   1.34049416   0.03818196
   56    55   2.21776366   0.05508149
   60     0  10.32169533   1.08270776
   60     4   9.59515095   0.72607553
   60    21   8.37179184   0.58406496
   60    22   8.26407242   0.77822495
   60    23   7.61056471   0.42696345
   60    25   6.51353884   0.33019531
   60    42   5.39863253   0.33052781
   60    43   5.45607996   0.62235200
   60    44   4.69455242   0.15889980
   60    46   3.87492752   0.06808367
   60    54   2.45605755   0.05664678
   60    55   2.73431396   0.09411728
   60    56   1.46335948   0.03362655
   68     0  11.13145924   1.29028988
   68     4  10.46544838   0.89769804
   68    21   9.25488663   0.71344692
   68    22   9.06008434   0.89524657
   68    23   8.58887386   0.51489496
   68    25   7.51746845   0.36940438
   68    42   6.39513350   0.35939798
   68    43   6.52855349   0.61741614
   68    44   5.52383041   0.16882533
   68    46   4.57448673   0.11863779
   68    54   3.15897822   0.09650651
   68    55   3.10117626   0.17820977
   68    56   2.49832153   0.07410474
   68    60   1.51985335   0.03969175
   69     0  11.86802292   1.46022820
   69     4  11.23381615   1.07718229
   69    21  10.01015759   0.86767048
   69    22   9.77939224   1.00656080
   69    23   9.35606098   0.68837583
   69    25   8.26024818   0.51906151
   69    42   7.23727560   0.51486772
   69    43   7.43519258   0.75424796
   69    44   6.35538340   0.38994250
   69    46   5.50187016   0.40586248
   69    54   4.06801319   0.30913255
   69    55   3.79799867   0.31462780
   69    56   3.49879336   0.24145156
   69    60   2.37254143   0.05675871
   69    68   1.23057342   0.02649140
   70     0  11.21057892   1.38043272
   70     4  10.56653786   0.98486102
   70    21   9.40734386   0.80914408
   70    22   9.19340229   0.99933934
   70    23   8.81444550   0.60290307
   70    25   7.82113504   0.49256247
   70    42   6.61702204   0.46562228
   70    43   6.71534586   0.65174949
   70    44   5.68615150   0.35423428
   70    46   4.58450651   0.40473774
   70    54   3.39542937   0.29974595
   70    55   3.41149950   0.27730665
   70    56   2.92137671   0.28833064
   70    60   2.46959209   0.06020515
   70    68   1.34776020   0.03338462
   70    69   2.25457430   0.05036134
   72     0  12.16155148   1.58134568
   72     4  11.57350159   1.17706478
   72    21  10.44862652   0.95762706
   72    22  10.17722321   1.12469864
   72    23   9.93456364   0.74280697
   72    25   8.97953606   0.60684812
   72    42   7.81001091   0.52840614
   72    43   7.94949675   0.71933413
   72    44   6.81931067   0.37011090
   72    46   5.71975803   0.38841608
   72    54   4.63979959   0.27150959
   72    55   4.47370625   0.31555596
   72    56   4.32515335   0.24667649
   72    60   3.83541083   0.06642877
   72    68   2.46561432   0.05783020
   72    69   2.80886889   0.09890667
   72    70   1.45344853   0.03510153
   83     0  12.12571430   1.55734289
   83     4  11.60693359   1.20563614
   83    21  10.48205280   1.01008987
   83    22  10.12293625   1.20787966
   83    23  10.06399822   0.80571133
   83    25   9.12838840   0.74810004
   83    42   8.06165314   0.66273993
   83    43   8.34423161   0.77993399
   83    44   6.98766470   0.62405658
   83    46   6.00289965   0.60915095
   83    54   4.99257612   0.48632473
   83    55   4.55702591   0.59454012
   83    56   4.99311876   0.30361301
   83    60   4.58332586   0.12900570
   83    68   3.24983120   0.14137654
   83    69   3.37755823   0.26233777
   83    70   2.47046804   0.07059582
   83    72   1.52464318   0.04000663
   84     0  12.94492245   1.73878503
   84     4  12.46169281   1.39332724
   84    21  11.33703518   1.17647731
   84    22  10.93898678   1.33660877
   84    23  10.94805813   0.98764688
   84    25  10.00582600   0.89534956
   84    42   9.00501347   0.78194118
   84    43   9.32955551   0.90784049
   84    44   7.92465258   0.68467677
   84    46   7.00521755   0.60291898
   84    54   5.97506332   0.48441178
   84    55   5.43722439   0.59468895
   84    56   5.98107004   0.35647517
   84    60   5.45116949   0.30670574
   84    68   4.07685232   0.25183180
   84    69   3.93351769   0.38300130
   84    70   3.46555734   0.21046615
   84    72   2.40485311   0.05746406
   84    83   1.23113596   0.02636996
   85     0  11.29097366   1.55732000
   85     4  10.79843807   1.30175662
   85    21   9.68868542   1.18944120
   85    22   9.30085087   1.42026424
   85    23   9.33207798   1.00680697
   85    25   8.44291878   1.02743804
   85    42   7.41796637   0.96114206
   85    43   7.77478123   0.94969994
   85    44   6.30913019   1.04245794
   85    46   5.39522457   1.03108907
   85    54   4.55037975   0.87478495
   85    55   4.04174995   1.02344728
   85    56   4.82319021   0.57844746
   85    60   4.67435122   0.36162794
   85    68   3.59841228   0.31468254
   85    69   3.88839865   0.42965937
   85    70   2.89177227   0.23074858
   85    72   2.45907354   0.05942239
   85    83   1.34898579   0.03319658
   85    84   2.24387169   0.04974889
   87     0  11.37786770   1.80590129
   87     4  10.96933746   1.60798037
   87    21   9.88923645   1.51066113
   87    22   9.41825581   1.75787210
   87    23   9.64649582   1.30677128
   87    25   8.81283951   1.31781757
   87    42   7.94214058   1.18728840
   87    43   8.42373657   1.09430158
   87    44   6.81846809   1.28685844
   87    46   6.10060120   1.18434930
   87    54   5.40522289   0.98339832
   87    55   4.72122622   1.21121192
   87    56   5.88527060   0.59444857
   87    60   5.78769827   0.38615716
   87    68   4.81953430   0.33395112
   87    69   4.96081543   0.50632167
   87    70   4.28115034   0.20182240
   87    72   3.84091330   0.06627005
   87    83   2.47848654   0.05678197
   87    84   2.79855561   0.09694624
   87    85   1.46594107   0.03512674
   97     0  11.29340363   1.86303210
   97     4  10.90625381   1.71153879
   97    21   9.77905273   1.68387294
   97    22   9.26990986   1.95544350
   97    23   9.52994633   1.51218104
   97    25   8.64300728   1.59442186
   97    42   7.93996048   1.41010964
   97    43   8.53463840   1.25011969
   97    44   6.84325123   1.52022696
   97    46   6.34310246   1.34365499
   97    54   5.54648304   1.19602287
   97    55   4.67194510   1.48390782
   97    56   6.07761669   0.81754625
   97    60   5.86596394   0.66594845
   97    68   5.02780056   0.55915600
   97    69   4.98704767   0.73002809
   97    70   4.82824516   0.33011693
   97    72   4.58471060   0.14747138
   97    83   3.29328799   0.15466528
   97    84   3.44237423   0.28122640
   97    85   2.46817899   0.06986704
   97    87   1.51988101   0.04015743
   98     0  11.79179668   2.01659036
   98     4  11.46953773   1.83936632
   98    21  10.36811924   1.77523136
   98    22   9.81042194   2.05022144
   98    23  10.18399525   1.57492447
   98    25   9.32962418   1.61885011
   98    42   8.74422741   1.39028227
   98    43   9.39135742   1.25211930
   98    44   7.67816401   1.45231080
   98    46   7.28719282   1.23030710
   98    54   6.52821636   1.07337630
   98    55   5.61260986   1.35869408
   98    56   7.07919598   0.74948061
   98    60   6.82140017   0.68327922
   98    68   5.98981333   0.58185863
   98    69   5.82544661   0.77493685
   98    70   5.85269594   0.38235834
   98    72   5.53049374   0.31891802
   98    83   4.19593573   0.25435790
   98    84   4.11194420   0.37900871
   98    85   3.49316192   0.22952634
   98    87   2.40100932   0.05579790
   98    97   1.23081398   0.02638717
   99     0  10.87256718   1.88472390
   99     4  10.43149757   1.81212318
   99    21   9.25034714   1.87908435
   99    22   8.78295708   2.13330698
   99    23   8.91272736   1.78717673
   99    25   7.94991541   1.95165563
   99    42   7.27479839   1.78100801
   99    43   7.88671732   1.58403921
   99    44   6.20993471   1.90957558
   99    46   5.78900909   1.72466195
   99    54   4.87094831   1.64810681
   99    55   3.93567562   1.94744396
   99    56   5.38063049   1.29878116
   99    60   5.12535334   1.15614259
   99    68   4.47132206   0.98595989
   99    69   4.43491411   1.10876954
   99    70   4.51968718   0.69150901
   99    72   4.57548857   0.41043329
   99    83   3.56453657   0.32984701
   99    84   3.87161970   0.42299354
   99    85   2.84686327   0.25141796
   99    87   2.45762920   0.05945149
   99    97   1.35105622   0.03276189
   99    98   2.24406314   0.05003961
  101     0  10.98235989   2.11951137
  101     4  10.56700897   2.07927680
  101    21   9.36631107   2.19258785
  101    22   8.88356686   2.44836020
  101    23   9.02120018   2.12541533
  101    25   8.03044987   2.32085156
  101    42   7.56777430   2.06675553
  101    43   8.25801468   1.83821070
  101    44   6.61209917   2.14642406
  101    46   6.44036674   1.86493301
  101    54   5.51326323   1.80089951
  101    55   4.54029465   2.10748005
  101    56   6.00228024   1.48421705
  101    60   5.65253925   1.40123272
  101    68   5.21711302   1.15338266
  101    69   5.01995420   1.33023369
  101    70   5.53986883   0.75566006
  101    72   5.71780586   0.44620726
  101    83   4.82871389   0.35272726
  101    84   5.01407290   0.50836617
  101    85   4.24899960   0.21492536
  101    87   3.83591366   0.06701212
  101    97   2.47903752   0.05786848
  101    98   2.80107689   0.09935152
  101    99   1.46121955   0.03513354
  104     0  10.32233047   2.55122614
  104     4   9.96087551   2.52901936
  104    21   8.78339767   2.66784334
  104    22   8.25805283   2.94990396
  104    23   8.52237797   2.56195354
  104    25   7.60528374   2.72795200
  104    42   7.34714365   2.39604902
  104    43   8.13620377   2.10305309
  104    44   6.47340488   2.46184897
  104    46   6.56016207   2.07633901
  104    54   5.87841082   1.91414165
  104    55   4.94951916   2.19664741
  104    56   6.53157949   1.54468453
  104    60   6.38912392   1.39981723
  104    68   6.18258095   1.08331239
  104    69   6.11329031   1.24564433
  104    70   6.49245691   0.70141101
  104    72   6.78021240   0.44407654
  104    83   5.90555763   0.37523672
  104    84   6.15533161   0.58344632
  104    85   5.16225767   0.22474220
  104    87   4.62014055   0.13300264
  104    97   3.30763650   0.14039989
  104    98   3.44863129   0.26519638
  104    99   2.48552608   0.07093859
  104   101   1.50602353   0.03960862
  105     0  10.52067566   2.83712196
  105     4  10.17446232   2.84466314
  105    21   9.02453804   2.98058176
  105    22   8.51032734   3.23177934
  105    23   8.77911186   2.88104486
  105    25   7.90054560   3.01761580
  105    42   7.74749851   2.69224977
  105    43   8.56219578   2.41140008
  105    44   6.94011307   2.72433758
  105    46   7.13725519   2.28937554
  105    54   6.53382587   2.01745653
  105    55   5.66018772   2.22146130
  105    56   7.18373442   1.63718629
  105    60   7.05012321   1.42553580
  105    68   6.91459322   1.09052384
  105    69   6.81680918   1.22787547
  105    70   7.26468801   0.80480868
  105    72   7.56888151   0.61950016
  105    83   6.70797205   0.57426012
  105    84   6.92276859   0.68943089
  105    85   5.97579861   0.58330387
  105    87   5.39514971   0.54995048
  105    97   4.09700966   0.41225216
  105    98   4.08799410   0.42572692
  105    99   3.38432884   0.34825715
  105   101   2.38317895   0.05713691
  105   104   1.22867715   0.02627277
  106     0   9.67862701   2.77930808
  106     4   9.35743046   2.73818207
  106    21   8.20231533   2.87922716
  106    22   7.63978577   3.18582535
  106    23   8.01670647   2.73617482
  106    25   7.17068243   2.86916471
  106    42   6.97395039   2.53626227
  106    43   7.79067612   2.22682571
  106    44   6.13051414   2.63576174
  106    46   6.30437660   2.28796101
  106    54   5.80376625   2.10900664
  106    55   4.93615055   2.36719370
  106    56   6.56920052   1.73264337
  106    60   6.60396719   1.55488098
  106    68   6.48888302   1.25488913
  106    69   6.55718184   1.34681976
  106    70   6.71417809   0.99473578
  106    72   7.05576134   0.82175124
  106    83   6.21319342   0.73853737
  106    84   6.54714108   0.87646079
  106    85   5.37033463   0.65741545
  106    87   4.83258820   0.57145584
  106    97   3.71071649   0.44897798
  106    98   3.92006111   0.44299179
  106    99   3.00648355   0.38692108
  106   101   2.43576574   0.05992562
  106   104   1.34565675   0.03315901
  106   105   2.24536991   0.05057514
  108     0   9.16098595   3.34527874
  108     4   8.93130779   3.27669024
  108    21   7.85050440   3.40012693
  108    22   7.24381828   3.72748637
  108    23   7.79798317   3.19588137
  108    25   7.10862494   3.24480748
  108    42   7.14911366   2.82533598
  108    43   8.01564789   2.49044800
  108    44   6.46107483   2.86925316
  108    46   6.86488914   2.42996264
  108    54   6.62178135   2.15335178
  108    55   5.88251066   2.34455633
  108    56   7.45607615   1.77495360
  108    60   7.63514090   1.57370341
  108    68   7.66072559   1.26039076
  108    69   7.79465914   1.36257517
  108    70   7.86798382   1.03259397
  108    72   8.26222610   0.92077225
  108    83   7.45117903   0.80454934
  108    84   7.80518913   0.99742466
  108    85   6.55337334   0.65118486
  108    87   5.96648455   0.55787677
  108    97   4.94969034   0.42845732
  108    98   5.04223347   0.50356001
  108    99   4.38074017   0.32500818
  108   101   3.81809568   0.06738881
  108   104   2.47914338   0.05765341
  108   105   2.81538439   0.09779787
  108   106   1.46283567   0.03496959
  118     0   8.72926044   3.62893677
  118     4   8.49066067   3.59358621
  118    21   7.42604160   3.74180746
  118    22   6.84908152   4.04231453
  118    23   7.37563086   3.57007813
  118    25   6.72764874   3.63337755
  118    42   6.89411211   3.20309329
  118    43   7.77919865   2.84871149
  118    44   6.32547283   3.22372293
  118    46   6.89611530   2.71174335
  118    54   6.77785540   2.40663481
  118    55   6.17712688   2.50819755
  118    56   7.59647083   2.07679439
  118    60   7.86342287   1.86217463
  118    68   8.05176353   1.43412089
  118    69   8.26164722   1.48176455
  118    70   8.28745270   1.16292608
  118    72   8.78606129   0.96621764
  118    83   8.08772850   0.81157953
  118    84   8.50317860   1.04081011
  118    85   7.20012856   0.63134116
  118    87   6.71667671   0.52051079
  118    97   5.78542423   0.41561165
  118    98   5.94037247   0.62341273
  118    99   5.15308237   0.29042616
  118   101   4.60663271   0.15624452
  118   104   3.33219528   0.18549559
  118   105   3.53029251   0.35333672
  118   106   2.45657229   0.07821812
  118   108   1.51778138   0.03956367
  119     0   8.66242123   3.76896429
  119     4   8.36798668   3.80690908
  119    21   7.28498745   3.99830008
  119    22   6.75987291   4.22627068
  119    23   7.17682934   3.92519927
  119    25   6.48956251   4.04757690
  119    42   6.61341667   3.70718741
  119    43   7.49786329   3.36034584
  119    44   6.04906988   3.75416493
  119    46   6.66193151   3.24886227
  119    54   6.62065744   2.90508723
  119    55   6.12693214   2.88906336
  119    56   7.43549109   2.60103559
  119    60   7.77905035   2.30217528
  119    68   8.02397823   1.80632257
  119    69   8.30159760   1.71758890
  119    70   8.23001575   1.59475255
  119    72   8.76732254   1.29434311
  119    83   8.14635468   1.07870007
  119    84   8.60266113   1.17813897
  119    85   7.27890778   1.01788568
  119    87   6.88588810   0.87413895
  119    97   6.06708050   0.71908921
  119    98   6.28945589   0.89063329
  119    99   5.43887520   0.63408959
  119   101   5.01859760   0.44457802
  119   104   3.94276285   0.33547521
  119   105   4.28203630   0.43030092
  119   106   3.03318048   0.32130626
  119   108   2.39919090   0.05579638
  119   118   1.23048019   0.02588725
  120     0   8.67807388   3.82966352
  120     4   8.49271011   3.75251961
  120    21   7.50629711   3.85442352
  120    22   6.95187807   4.16554785
  120    23   7.50994444   3.62335348
  120    25   6.96713352   3.62219238
  120    42   7.27012730   3.11599588
  120    43   8.13108253   2.78596067
  120    44   6.83488894   3.05373883
  120    46   7.47365236   2.50471473
  120    54   7.39110756   2.21804237
  120    55   6.84282398   2.32118750
  120    56   8.16140842   1.95408189
  120    60   8.41792870   1.83931589
  120    68   8.67726517   1.45004869
  120    69   8.87509346   1.58366132
  120    70   8.95837593   1.14278758
  120    72   9.49031448   1.06124341
  120    83   8.82014465   0.97040534
  120    84   9.23304749   1.24844956
  120    85   7.94484138   0.72585082
  120    87   7.46229601   0.70142150
  120    97   6.52099752   0.64916146
  120    98   6.63717413   0.84402233
  120    99   5.88173246   0.52657825
  120   101   5.26030064   0.52620643
  120   104   3.96411490   0.47263572
  120   105   3.88268876   0.61990017
  120   106   3.35385108   0.31191671
  120   108   2.44869280   0.05945880
  120   118   1.34797013   0.03306176
  120   119   2.24460578   0.05044464
  122     0   8.61063385   4.11958933
  122     4   8.44204521   4.04476070
  122    21   7.54865789   4.12909889
  122    22   7.07440186   4.39490509
  122    23   7.56293917   3.92378116
  122    25   7.11733866   3.90931201
  122    42   7.54950094   3.35508370
  122    43   8.36091232   3.04734659
  122    44   7.27915764   3.21875286
  122    46   7.99721193   2.64200711
  122    54   8.00670815   2.34426951
  122    55   7.59027672   2.36555314
  122    56   8.71190357   2.16334748
  122    60   9.01473618   2.06605959
  122    68   9.38974380   1.59896767
  122    69   9.63215351   1.70765400
  122    70   9.68720341   1.26408088
  122    72  10.28019524   1.14470291
  122    83   9.70396996   1.04671991
  122    84  10.14977264   1.33207810
  122    85   8.85551548   0.83720100
  122    87   8.44345093   0.90052855
  122    97   7.58569670   0.79524159
  122    98   7.72872257   1.06307054
  122    99   6.94311666   0.55403215
  122   101   6.35968637   0.54668540
  122   104   5.17520761   0.48251820
  122   105   5.04704523   0.70397180
  122   106   4.63562250   0.26402071
  122   108   3.82111406   0.06640278
  122   118   2.47028542   0.05641694
  122   119   2.80045843   0.09579924
  122   120   1.45407307   0.03527433
  142     0   8.46716976   4.58007288
  142     4   8.43594551   4.39929676
  142    21   7.73287916   4.37292528
  142    22   7.30734158   4.60278797
  142    23   7.87565613   4.09852362
  142    25   7.64075518   3.96641064
  142    42   8.16517162   3.38257337
  142    43   8.93090439   3.09671140
  142    44   8.00216389   3.20704842
  142    46   8.75697517   2.62941217
  142    54   8.90144920   2.26906109
  142    55   8.54466248   2.27035975
  142    56   9.62480831   2.09288454
  142    60   9.99618435   2.01196527
  142    68  10.39141941   1.60234797
  142    69  10.66539097   1.74595654
  142    70  10.64793205   1.30537319
  142    72  11.24025249   1.24615622
  142    83  10.66673279   1.14949751
  142    84  11.12394047   1.43785632
  142    85   9.78825092   0.92357212
  142    87   9.35228539   0.96322751
  142    97   8.55042553   0.87094176
  142    98   8.67124844   1.10861301
  142    99   7.96173859   0.70632124
  142   101   7.41247654   0.74322933
  142   104   6.19839621   0.63190264
  142   105   6.02526903   0.84804463
  142   106   5.60759354   0.36708266
  142   108   4.65180492   0.15896623
  142   118   3.39581561   0.17827502
  142   119   3.64513135   0.32881358
  142   120   2.46224117   0.07641566
  142   122   1.52569818   0.03906925
  143     0   8.65045929   4.77825451
  143     4   8.64095116   4.57829714
  143    21   8.01856518   4.47986794
  143    22   7.66217566   4.64067173
  143    23   8.15943336   4.20828485
  143    25   7.97879314   4.02541828
  143    42   8.55158520   3.42491889
  143    43   9.27999592   3.17710805
  143    44   8.45767403   3.20271182
  143    46   9.22371197   2.63487291
  143    54   9.39827061   2.25965524
  143    55   9.07585049   2.23983574
  143    56  10.09929371   2.10645032
  143    60  10.48100471   2.02741504
  143    68  10.90332317   1.64815569
  143    69  11.18235397   1.79005802
  143    70  11.16545677   1.39372623
  143    72  11.77121449   1.37578988
  143    83  11.21848965   1.30529094
  143    84  11.68168354   1.57840049
  143    85  10.34396935   1.11010373
  143    87   9.91797352   1.17046666
  143    97   9.13115025   1.07438540
  143    98   9.24855995   1.28616512
  143    99   8.54591465   0.90150750
  143   101   7.99484444   0.90480500
  143   104   6.78722620   0.78732443
  143   105   6.57375002   0.98932976
  143   106   6.21921873   0.57255697
  143   108   5.24178028   0.53413981
  143   118   4.10909128   0.37697288
  143   119   4.39138699   0.41749707
  143   120   3.18562150   0.37543577
  143   122   2.40401506   0.05526474
  143   142   1.23168242   0.02602992
  144     0   8.38227367   4.82409286
  144     4   8.45299530   4.58576345
  144    21   7.87095404   4.51247072
  144    22   7.45324850   4.73678827
  144    23   8.11344910   4.19517660
  144    25   8.00895405   3.99784517
  144    42   8.52464771   3.44583774
  144    43   9.26172733   3.18009782
  144    44   8.38213539   3.27262521
  144    46   9.12460995   2.72968602
  144    54   9.33510971   2.34437585
  144    55   8.99601746   2.33375764
  144    56  10.07939529   2.17221332
  144    60  10.48665714   2.09689522
  144    68  10.86020565   1.73549533
  144    69  11.14954662   1.88552153
  144    70  11.07391548   1.47012305
  144    72  11.64228439   1.41435134
  144    83  11.05582333   1.29996216
  144    84  11.50922871   1.55604744
  144    85  10.16347122   1.08742809
  144    87   9.70454502   1.08843482
  144    97   8.94560909   1.02773535
  144    98   9.04827595   1.23094475
  144    99   8.40989494   0.94671488
  144   101   7.90156746   1.03072035
  144   104   6.70128822   0.94182426
  144   105   6.54103327   1.17145073
  144   106   6.08293533   0.68031204
  144   108   5.11367989   0.55746382
  144   118   3.93266511   0.45764247
  144   119   4.06825304   0.56916982
  144   120   3.18729234   0.38051349
  144   122   2.45262957   0.05945172
  144   142   1.34639394   0.03272817
  144   143   2.24897361   0.04919551
  146     0   8.60435104   5.14948177
  146     4   8.81610394   4.81203842
  146    21   8.46043301   4.60933685
  146    22   8.13569832   4.75492907
  146    23   8.78512478   4.26358700
  146    25   8.84425640   3.97212553
  146    42   9.39548302   3.43956566
  146    43  10.06779671   3.21587181
  146    44   9.33358765   3.24983430
  146    46  10.07550430   2.75426960
  146    54  10.37266445   2.34335494
  146    55  10.08065796   2.30876350
  146    56  11.11521912   2.19589877
  146    60  11.56548405   2.13809800
  146    68  11.95016003   1.83963382
  146    69  12.25918961   2.00597548
  146    70  12.13187408   1.62305546
  146    72  12.69320393   1.61184490
  146    83  12.11644173   1.49175656
  146    84  12.57261848   1.73260212
  146    85  11.21507359   1.28040457
  146    87  10.74611568   1.26308322
  146    97  10.04227448   1.18144822
  146    98  10.12682056   1.35395229
  146    99   9.55488968   1.11414433
  146   101   9.07822418   1.19684410
  146   104   7.89282131   1.04128528
  146   105   7.70734072   1.30270982
  146   106   7.26708651   0.71253258
  146   108   6.26408243   0.54377949
  146   118   5.19540215   0.44467670
  146   119   5.28791618   0.63672364
  146   120   4.51397610   0.31221777
  146   122   3.82450724   0.06662364
  146   142   2.46936798   0.05552287
  146   143   2.81218505   0.09225594
  146   144   1.44995570   0.03555375
  163     0   8.46275997   5.65302038
  163     4   8.77378654   5.24351740
  163    21   8.59863567   4.94299316
  163    22   8.34803295   5.00864267
  163    23   9.01326656   4.56270075
  163    25   9.22352505   4.17192173
  163    42   9.79138947   3.64359641
  163    43  10.40331841   3.44894838
  163    44   9.80851173   3.40941620
  163    46  10.55590057   2.91385794
  163    54  10.93156815   2.48105645
  163    55  10.68857288   2.42361498
  163    56  11.67804813   2.32532787
  163    60  12.17947578   2.23048282
  163    68  12.58009911   1.92339575
  163    69  12.92519569   2.07338428
  163    70  12.72520256   1.71282685
  163    72  13.28939247   1.67767048
  163    83  12.73415375   1.56359458
  163    84  13.20791054   1.78936362
  163    85  11.82419586   1.38799191
  163    87  11.36669540   1.39230955
  163    97  10.72432995   1.31510246
  163    98  10.82115078   1.48739338
  163    99  10.26784134   1.24464571
  163   101   9.84333515   1.33003306
  163   104   8.67900848   1.23204279
  163   105   8.50100613   1.48334610
  163   106   8.04235458   1.00798368
  163   108   7.04603100   0.96052903
  163   118   5.99285126   0.73658055
  163   119   5.99474430   0.84307390
  163   120   5.38949633   0.50267267
  163   122   4.67315006   0.14809820
  163   142   3.44202542   0.16361956
  163   143   3.75445962   0.30526808
  163   144   2.45634079   0.07662474
  163   146   1.54901087   0.03827934
