# Cycle: 4560, status: ACC, move: ('wf', 9000, 3, 63)
#     Time      Potential        Kinetic
         0      -9.529594       3.723218            nan            nan
         1      -9.414967       3.521254            nan            nan
         2      -9.291607       3.342697            nan            nan
         3      -9.160626       3.279711            nan            nan
         4      -9.021003       3.144496            nan            nan
         5      -8.876132       3.015421            nan            nan
         6      -8.726543       2.971403            nan            nan
         7      -8.571754       2.833036            nan            nan
         8      -8.415482       2.634263            nan            nan
         9      -8.260931       2.437158            nan            nan
        10      -8.108044       2.340560            nan            nan
        11      -7.958978       2.072555            nan            nan
        12      -7.814161       1.906820            nan            nan
        13      -7.675000       1.676110            nan            nan
        14      -7.542083       1.560942            nan            nan
        15      -7.413289       1.457100            nan            nan
        16      -7.290264       1.347428            nan            nan
        17      -7.173343       1.220507            nan            nan
        18      -7.063762       1.114456            nan            nan
        19      -6.960056       1.008481            nan            nan
        20      -6.865035       0.873077            nan            nan
        21      -6.778278       0.765199            nan            nan
        22      -6.700501       0.672939            nan            nan
        23      -6.630601       0.583471            nan            nan
        24      -6.567973       0.576761            nan            nan
        25      -6.509526       0.539413            nan            nan
        26      -6.459533       0.498691            nan            nan
        27      -6.416037       0.504965            nan            nan
        28      -6.381234       0.469024            nan            nan
        29      -6.353516       0.444732            nan            nan
        30      -6.334111       0.427716            nan            nan
        31      -6.325218       0.404972            nan            nan
        32      -6.325769       0.383759            nan            nan
        33      -6.334241       0.391001            nan            nan
        34      -6.348463       0.403533            nan            nan
        35      -6.366918       0.417226            nan            nan
        36      -6.393479       0.420412            nan            nan
        37      -6.428118       0.440329            nan            nan
        38      -6.470059       0.519230            nan            nan
        39      -6.518254       0.503848            nan            nan
        40      -6.576024       0.580589            nan            nan
        41      -6.643952       0.665856            nan            nan
        42      -6.718970       0.735209            nan            nan
        43      -6.802077       0.824956            nan            nan
        44      -6.893379       0.940777            nan            nan
        45      -6.992315       1.087781            nan            nan
        46      -7.099303       1.195680            nan            nan
        47      -7.213395       1.357072            nan            nan
        48      -7.334894       1.489857            nan            nan
        49      -7.461105       1.615975            nan            nan
        50      -7.592471       1.806341            nan            nan
        51      -7.727647       1.833479            nan            nan
        52      -7.862393       1.975825            nan            nan
        53      -7.998627       2.047664            nan            nan
        54      -8.136253       2.213317            nan            nan
        55      -8.274663       2.347194            nan            nan
        56      -8.409986       2.395506            nan            nan
        57      -8.541097       2.537492            nan            nan
        58      -8.667237       2.549395            nan            nan
        59      -8.788311       2.683883            nan            nan
        60      -8.903851       2.740000            nan            nan
        61      -9.012293       2.913025            nan            nan
        62      -9.113001       3.024576            nan            nan
