# Cycle: 4560, status: ACC, move: ('wf', 9000, 3, 63)
#     Time       Orderp
         0    -0.160883    -0.160883    -0.417472    -9.529594
         1    -0.156027    -0.156027    -0.419695    -9.414967
         2    -0.151284    -0.151284    -0.421860    -9.291607
         3    -0.146646    -0.146646    -0.423961    -9.160626
         4    -0.142045    -0.142045    -0.426057    -9.021003
         5    -0.137564    -0.137564    -0.428156    -8.876132
         6    -0.133181    -0.133181    -0.430230    -8.726543
         7    -0.128854    -0.128854    -0.432276    -8.571754
         8    -0.124664    -0.124664    -0.434294    -8.415482
         9    -0.120671    -0.120671    -0.436333    -8.260931
        10    -0.116845    -0.116845    -0.438413    -8.108044
        11    -0.113212    -0.113212    -0.440445    -7.958978
        12    -0.109761    -0.109761    -0.442405    -7.814161
        13    -0.106508    -0.106508    -0.444299    -7.675000
        14    -0.103453    -0.103453    -0.446164    -7.542083
        15    -0.100536    -0.100536    -0.448012    -7.413289
        16    -0.097788    -0.097788    -0.449878    -7.290264
        17    -0.095209    -0.095209    -0.451758    -7.173343
        18    -0.092819    -0.092819    -0.453629    -7.063762
        19    -0.090575    -0.090575    -0.455445    -6.960056
        20    -0.088539    -0.088539    -0.457223    -6.865035
        21    -0.086697    -0.086697    -0.458977    -6.778278
        22    -0.085062    -0.085062    -0.460674    -6.700501
        23    -0.083606    -0.083606    -0.462322    -6.630601
        24    -0.082321    -0.082321    -0.464004    -6.567973
        25    -0.081136    -0.081136    -0.465726    -6.509526
        26    -0.080143    -0.080143    -0.467423    -6.459533
        27    -0.079306    -0.079306    -0.469207    -6.416037
        28    -0.078669    -0.078669    -0.471020    -6.381234
        29    -0.078195    -0.078195    -0.472826    -6.353516
        30    -0.077912    -0.077912    -0.474662    -6.334111
        31    -0.077865    -0.077865    -0.476445    -6.325218
        32    -0.078031    -0.078031    -0.478203    -6.325769
        33    -0.078375    -0.078375    -0.479916    -6.334241
        34    -0.078850    -0.078850    -0.481616    -6.348463
        35    -0.079425    -0.079425    -0.483314    -6.366918
        36    -0.080181    -0.080181    -0.484961    -6.393479
        37    -0.081117    -0.081117    -0.486523    -6.428118
        38    -0.082222    -0.082222    -0.488089    -6.470059
        39    -0.083471    -0.083471    -0.489620    -6.518254
        40    -0.084932    -0.084932    -0.491035    -6.576024
        41    -0.086630    -0.086630    -0.492428    -6.643952
        42    -0.088500    -0.088500    -0.493828    -6.718970
        43    -0.090562    -0.090562    -0.495171    -6.802077
        44    -0.092826    -0.092826    -0.496488    -6.893379
        45    -0.095294    -0.095294    -0.497873    -6.992315
        46    -0.097969    -0.097969    -0.499202    -7.099303
        47    -0.100845    -0.100845    -0.500539    -7.213395
        48    -0.103934    -0.103934    -0.501839    -7.334894
        49    -0.107186    -0.107186    -0.503128    -7.461105
        50    -0.110622    -0.110622    -0.504370    -7.592471
        51    -0.114226    -0.114226    -0.505591    -7.727647
        52    -0.117906    -0.117906    -0.506777    -7.862393
        53    -0.121721    -0.121721    -0.507892    -7.998627
        54    -0.125693    -0.125693    -0.508954    -8.136253
        55    -0.129825    -0.129825    -0.509935    -8.274663
        56    -0.134052    -0.134052    -0.510934    -8.409986
        57    -0.138352    -0.138352    -0.511891    -8.541097
        58    -0.142725    -0.142725    -0.512806    -8.667237
        59    -0.147194    -0.147194    -0.513661    -8.788311
        60    -0.150000    -0.151767    -0.514415    -8.903851
        61    -0.156433    -0.156433    -0.515108    -9.012293
        62    -0.161229    -0.161229    -0.515794    -9.113001
