# Cycle: 9972, status: ACC, move: ('wf', 9000, 2, 15)
#     Time      Potential        Kinetic
         0   -8230.251200     103.738570            nan            nan
         1   -8231.280700     104.756870            nan            nan
         2   -8230.918700     104.399010            nan            nan
         3   -8229.148700     102.642650            nan            nan
         4   -8226.159200      99.680990            nan            nan
         5   -8222.295500      95.852628            nan            nan
         6   -8218.003200      91.605584            nan            nan
         7   -8213.874600      87.533120            nan            nan
         8   -8210.613400      84.319671            nan            nan
         9   -8208.862700      82.596286            nan            nan
        10   -8208.990400      82.737538            nan            nan
        11   -8211.026800      84.750476            nan            nan
        12   -8214.588500      88.263507            nan            nan
        13   -8218.969900      92.575906            nan            nan
        14   -8223.267100      96.797092            nan            nan
