# Cycle: 100, status: ACC, move: ('sh', 2.9249448730018837, 10, 11)
#     Time       Orderp
         0     2.797482
         1     2.826517
         2     2.831688
         3     2.821555
         4     2.813844
         5     2.810742
         6     2.811842
         7     2.829168
         8     2.846011
         9     2.870855
        10     2.897178
        11     2.924945
        12     2.949052
        13     2.958338
        14     2.947683
        15     2.915527
        16     2.883653
        17     2.838282
        18     2.797126
