# Cycle: 4550, status: ACC, move: ('sh', -0.19717409011740408, 202, 10)
#     Time      Potential        Kinetic
         0      -8.992074       0.732562            nan            nan
         1      -9.000550       0.736805            nan            nan
         2      -9.009055       0.762325            nan            nan
         3      -9.018457       0.766987            nan            nan
         4      -9.028108       0.813871            nan            nan
         5      -9.038410       0.852111            nan            nan
         6      -9.049084       0.860041            nan            nan
         7      -9.059658       0.910094            nan            nan
         8      -9.070634       0.906854            nan            nan
         9      -9.081945       0.959055            nan            nan
        10      -9.093001       0.901755            nan            nan
        11      -9.103960       0.923320            nan            nan
        12      -9.115144       0.904055            nan            nan
        13      -9.127089       0.964454            nan            nan
        14      -9.139170       1.009911            nan            nan
        15      -9.151263       0.990739            nan            nan
        16      -9.163484       1.022319            nan            nan
        17      -9.175867       1.037925            nan            nan
        18      -9.188184       1.047787            nan            nan
        19      -9.200494       1.110452            nan            nan
        20      -9.212513       1.067258            nan            nan
        21      -9.224231       1.069311            nan            nan
        22      -9.236049       1.098113            nan            nan
        23      -9.247963       1.120510            nan            nan
        24      -9.260113       1.188275            nan            nan
        25      -9.272731       1.215742            nan            nan
        26      -9.285154       1.172937            nan            nan
        27      -9.297718       1.143075            nan            nan
        28      -9.309894       1.097326            nan            nan
        29      -9.321574       1.103952            nan            nan
        30      -9.333056       1.120432            nan            nan
        31      -9.344575       1.121339            nan            nan
        32      -9.356428       1.171052            nan            nan
        33      -9.368784       1.208715            nan            nan
        34      -9.381741       1.174092            nan            nan
        35      -9.395076       1.202134            nan            nan
        36      -9.408176       1.146645            nan            nan
        37      -9.420555       1.185101            nan            nan
        38      -9.432759       1.158577            nan            nan
        39      -9.445532       1.188276            nan            nan
        40      -9.459075       1.197807            nan            nan
        41      -9.472098       1.141200            nan            nan
        42      -9.485192       1.139616            nan            nan
        43      -9.497689       1.174908            nan            nan
        44      -9.510724       1.180965            nan            nan
        45      -9.523795       1.190590            nan            nan
        46      -9.536886       1.188520            nan            nan
        47      -9.550354       1.186643            nan            nan
        48      -9.564379       1.219512            nan            nan
        49      -9.579041       1.218350            nan            nan
        50      -9.594982       1.258626            nan            nan
        51      -9.611815       1.304303            nan            nan
        52      -9.628308       1.308564            nan            nan
        53      -9.644700       1.354726            nan            nan
        54      -9.661382       1.335445            nan            nan
        55      -9.678065       1.327193            nan            nan
        56      -9.694530       1.362037            nan            nan
        57      -9.711241       1.411695            nan            nan
        58      -9.727949       1.371983            nan            nan
        59      -9.744634       1.349929            nan            nan
        60      -9.760853       1.371426            nan            nan
        61      -9.776646       1.376778            nan            nan
        62      -9.792364       1.413302            nan            nan
        63      -9.807506       1.438584            nan            nan
        64      -9.821944       1.404424            nan            nan
        65      -9.835825       1.403751            nan            nan
        66      -9.849150       1.446125            nan            nan
        67      -9.862031       1.447610            nan            nan
        68      -9.874055       1.442245            nan            nan
        69      -9.885249       1.489220            nan            nan
        70      -9.895831       1.519800            nan            nan
        71      -9.905676       1.479331            nan            nan
        72      -9.914831       1.485342            nan            nan
        73      -9.923485       1.469315            nan            nan
        74      -9.931462       1.439364            nan            nan
        75      -9.938698       1.464083            nan            nan
        76      -9.945342       1.500833            nan            nan
        77      -9.951311       1.546486            nan            nan
        78      -9.956555       1.623727            nan            nan
        79      -9.961135       1.658428            nan            nan
        80      -9.965017       1.667405            nan            nan
        81      -9.968156       1.742289            nan            nan
        82      -9.970443       1.717899            nan            nan
        83      -9.971872       1.758347            nan            nan
        84      -9.972372       1.785455            nan            nan
        85      -9.971866       1.779435            nan            nan
        86      -9.970374       1.808707            nan            nan
        87      -9.967881       1.809713            nan            nan
        88      -9.964354       1.814428            nan            nan
        89      -9.959726       1.813773            nan            nan
        90      -9.954137       1.763564            nan            nan
        91      -9.947855       1.746626            nan            nan
        92      -9.940744       1.749468            nan            nan
        93      -9.932732       1.700070            nan            nan
        94      -9.924253       1.738183            nan            nan
        95      -9.914910       1.665912            nan            nan
        96      -9.904584       1.678113            nan            nan
        97      -9.893373       1.652276            nan            nan
        98      -9.881907       1.616157            nan            nan
        99      -9.870149       1.562330            nan            nan
       100      -9.857959       1.555283            nan            nan
       101      -9.844859       1.500102            nan            nan
       102      -9.830919       1.527627            nan            nan
       103      -9.816569       1.477072            nan            nan
       104      -9.802343       1.470623            nan            nan
       105      -9.787370       1.525161            nan            nan
       106      -9.772074       1.509553            nan            nan
       107      -9.756618       1.506495            nan            nan
       108      -9.740967       1.547933            nan            nan
       109      -9.725125       1.553539            nan            nan
       110      -9.708861       1.568328            nan            nan
       111      -9.692073       1.526093            nan            nan
       112      -9.674626       1.514490            nan            nan
       113      -9.656902       1.433064            nan            nan
       114      -9.639848       1.445046            nan            nan
       115      -9.622758       1.389882            nan            nan
       116      -9.605729       1.408247            nan            nan
       117      -9.589030       1.337313            nan            nan
       118      -9.572461       1.387617            nan            nan
       119      -9.554332       1.407519            nan            nan
       120      -9.535871       1.384198            nan            nan
       121      -9.517475       1.366445            nan            nan
       122      -9.498937       1.346426            nan            nan
       123      -9.480100       1.344735            nan            nan
       124      -9.461688       1.358302            nan            nan
       125      -9.443243       1.323814            nan            nan
       126      -9.424749       1.287113            nan            nan
       127      -9.406500       1.299129            nan            nan
       128      -9.388694       1.240922            nan            nan
       129      -9.371221       1.214926            nan            nan
       130      -9.354188       1.182110            nan            nan
       131      -9.337632       1.161322            nan            nan
       132      -9.321514       1.150087            nan            nan
       133      -9.305823       1.109372            nan            nan
       134      -9.290685       1.072717            nan            nan
       135      -9.276486       1.108265            nan            nan
       136      -9.262248       1.080354            nan            nan
       137      -9.248101       1.072904            nan            nan
       138      -9.233770       1.075758            nan            nan
       139      -9.219170       1.044073            nan            nan
       140      -9.204885       1.055562            nan            nan
       141      -9.191487       1.064164            nan            nan
       142      -9.177428       1.018195            nan            nan
       143      -9.163484       1.013963            nan            nan
       144      -9.150133       0.975993            nan            nan
       145      -9.137105       1.003761            nan            nan
       146      -9.123634       1.015637            nan            nan
       147      -9.110080       0.977526            nan            nan
       148      -9.096902       0.944512            nan            nan
       149      -9.084155       0.867049            nan            nan
       150      -9.071688       0.866925            nan            nan
       151      -9.058478       0.834310            nan            nan
       152      -9.044917       0.775869            nan            nan
       153      -9.031120       0.796804            nan            nan
       154      -9.017284       0.779489            nan            nan
       155      -9.003687       0.763030            nan            nan
       156      -8.990265       0.724204            nan            nan
