# Cycle: 4550, status: ACC, move: ('sh', -0.19717409011740408, 202, 10)
#     Time       Orderp
         0    -0.150000    -0.190432    -0.572730    -8.992074
         1    -0.191059    -0.191059    -0.572191    -9.000550
         2    -0.191674    -0.191674    -0.571622    -9.009055
         3    -0.192299    -0.192299    -0.570948    -9.018457
         4    -0.192988    -0.192988    -0.570248    -9.028108
         5    -0.193736    -0.193736    -0.569474    -9.038410
         6    -0.194491    -0.194491    -0.568633    -9.049084
         7    -0.195193    -0.195193    -0.567756    -9.059658
         8    -0.195847    -0.195847    -0.566800    -9.070634
         9    -0.196512    -0.196512    -0.565784    -9.081945
        10    -0.197174    -0.197174    -0.564765    -9.093001
        11    -0.197898    -0.197898    -0.563730    -9.103960
        12    -0.198620    -0.198620    -0.562638    -9.115144
        13    -0.199340    -0.199340    -0.561432    -9.127089
        14    -0.200084    -0.200084    -0.560175    -9.139170
        15    -0.200775    -0.200775    -0.558880    -9.151263
        16    -0.201495    -0.201495    -0.557532    -9.163484
        17    -0.202276    -0.202276    -0.556117    -9.175867
        18    -0.203068    -0.203068    -0.554658    -9.188184
        19    -0.203898    -0.203898    -0.553141    -9.200494
        20    -0.204715    -0.204715    -0.551604    -9.212513
        21    -0.205498    -0.205498    -0.550059    -9.224231
        22    -0.206239    -0.206239    -0.548469    -9.236049
        23    -0.206959    -0.206959    -0.546828    -9.247963
        24    -0.207711    -0.207711    -0.545096    -9.260113
        25    -0.208498    -0.208498    -0.543235    -9.272731
        26    -0.209252    -0.209252    -0.541355    -9.285154
        27    -0.209928    -0.209928    -0.539454    -9.297718
        28    -0.210551    -0.210551    -0.537584    -9.309894
        29    -0.211148    -0.211148    -0.535744    -9.321574
        30    -0.211751    -0.211751    -0.533875    -9.333056
        31    -0.212332    -0.212332    -0.531973    -9.344575
        32    -0.212885    -0.212885    -0.530006    -9.356428
        33    -0.213438    -0.213438    -0.527928    -9.368784
        34    -0.213905    -0.213905    -0.525810    -9.381741
        35    -0.214318    -0.214318    -0.523655    -9.395076
        36    -0.214709    -0.214709    -0.521508    -9.408176
        37    -0.215153    -0.215153    -0.519347    -9.420555
        38    -0.215567    -0.215567    -0.517195    -9.432759
        39    -0.215882    -0.215882    -0.515044    -9.445532
        40    -0.216112    -0.216112    -0.512855    -9.459075
        41    -0.216341    -0.216341    -0.510698    -9.472098
        42    -0.216545    -0.216545    -0.508524    -9.485192
        43    -0.216771    -0.216771    -0.506361    -9.497689
        44    -0.216951    -0.216951    -0.504142    -9.510724
        45    -0.217106    -0.217106    -0.501910    -9.523795
        46    -0.217232    -0.217232    -0.499675    -9.536886
        47    -0.217303    -0.217303    -0.497425    -9.550354
        48    -0.217311    -0.217311    -0.495139    -9.564379
        49    -0.217260    -0.217260    -0.492802    -9.579041
        50    -0.217083    -0.217083    -0.490413    -9.594982
        51    -0.216837    -0.216837    -0.487931    -9.611815
        52    -0.216583    -0.216583    -0.485454    -9.628308
        53    -0.216311    -0.216311    -0.482955    -9.644700
        54    -0.215975    -0.215975    -0.480445    -9.661382
        55    -0.215579    -0.215579    -0.477961    -9.678065
        56    -0.215144    -0.215144    -0.475504    -9.694530
        57    -0.214631    -0.214631    -0.473047    -9.711241
        58    -0.214068    -0.214068    -0.470574    -9.727949
        59    -0.213448    -0.213448    -0.468092    -9.744634
        60    -0.212826    -0.212826    -0.465588    -9.760853
        61    -0.212215    -0.212215    -0.463026    -9.776646
        62    -0.211557    -0.211557    -0.460417    -9.792364
        63    -0.210896    -0.210896    -0.457792    -9.807506
        64    -0.210244    -0.210244    -0.455162    -9.821944
        65    -0.209577    -0.209577    -0.452529    -9.835825
        66    -0.208905    -0.208905    -0.449869    -9.849150
        67    -0.208240    -0.208240    -0.447124    -9.862031
        68    -0.207599    -0.207599    -0.444384    -9.874055
        69    -0.207021    -0.207021    -0.441593    -9.885249
        70    -0.206453    -0.206453    -0.438766    -9.895831
        71    -0.205881    -0.205881    -0.435965    -9.905676
        72    -0.205320    -0.205320    -0.433159    -9.914831
        73    -0.204709    -0.204709    -0.430348    -9.923485
        74    -0.204096    -0.204096    -0.427525    -9.931462
        75    -0.203508    -0.203508    -0.424686    -9.938698
        76    -0.202901    -0.202901    -0.421806    -9.945342
        77    -0.202295    -0.202295    -0.418892    -9.951311
        78    -0.201720    -0.201720    -0.415931    -9.956555
        79    -0.201132    -0.201132    -0.412921    -9.961135
        80    -0.200495    -0.200495    -0.409881    -9.965017
        81    -0.199822    -0.199822    -0.406773    -9.968156
        82    -0.199136    -0.199136    -0.403642    -9.970443
        83    -0.198462    -0.198462    -0.400462    -9.971872
        84    -0.197738    -0.197738    -0.397245    -9.972372
        85    -0.196969    -0.196969    -0.394004    -9.971866
        86    -0.196209    -0.196209    -0.390732    -9.970374
        87    -0.195452    -0.195452    -0.387435    -9.967881
        88    -0.194685    -0.194685    -0.384126    -9.964354
        89    -0.193884    -0.193884    -0.380845    -9.959726
        90    -0.193100    -0.193100    -0.377576    -9.954137
        91    -0.192388    -0.192388    -0.374322    -9.947855
        92    -0.191709    -0.191709    -0.371044    -9.940744
        93    -0.191027    -0.191027    -0.367782    -9.932732
        94    -0.190422    -0.190422    -0.364547    -9.924253
        95    -0.189810    -0.189810    -0.361319    -9.914910
        96    -0.189158    -0.189158    -0.358128    -9.904584
        97    -0.188509    -0.188509    -0.354917    -9.893373
        98    -0.187932    -0.187932    -0.351752    -9.881907
        99    -0.187405    -0.187405    -0.348637    -9.870149
       100    -0.186910    -0.186910    -0.345549    -9.857959
       101    -0.186367    -0.186367    -0.342504    -9.844859
       102    -0.185806    -0.185806    -0.339458    -9.830919
       103    -0.185286    -0.185286    -0.336406    -9.816569
       104    -0.184842    -0.184842    -0.333403    -9.802343
       105    -0.184391    -0.184391    -0.330384    -9.787370
       106    -0.183986    -0.183986    -0.327340    -9.772074
       107    -0.183642    -0.183642    -0.324273    -9.756618
       108    -0.183354    -0.183354    -0.321183    -9.740967
       109    -0.183115    -0.183115    -0.318079    -9.725125
       110    -0.182894    -0.182894    -0.314973    -9.708861
       111    -0.182662    -0.182662    -0.311896    -9.692073
       112    -0.182405    -0.182405    -0.308845    -9.674626
       113    -0.182153    -0.182153    -0.305836    -9.656902
       114    -0.181994    -0.181994    -0.302883    -9.639848
       115    -0.181871    -0.181871    -0.299949    -9.622758
       116    -0.181798    -0.181798    -0.297023    -9.605729
       117    -0.181779    -0.181779    -0.294145    -9.589030
       118    -0.181801    -0.181801    -0.291298    -9.572461
       119    -0.181747    -0.181747    -0.288387    -9.554332
       120    -0.181700    -0.181700    -0.285484    -9.535871
       121    -0.181670    -0.181670    -0.282636    -9.517475
       122    -0.181664    -0.181664    -0.279796    -9.498937
       123    -0.181656    -0.181656    -0.276979    -9.480100
       124    -0.181706    -0.181706    -0.274202    -9.461688
       125    -0.181779    -0.181779    -0.271447    -9.443243
       126    -0.181844    -0.181844    -0.268753    -9.424749
       127    -0.181930    -0.181930    -0.266116    -9.406500
       128    -0.182057    -0.182057    -0.263537    -9.388694
       129    -0.182202    -0.182202    -0.261027    -9.371221
       130    -0.182388    -0.182388    -0.258569    -9.354188
       131    -0.182627    -0.182627    -0.256155    -9.337632
       132    -0.182923    -0.182923    -0.253776    -9.321514
       133    -0.183280    -0.183280    -0.251427    -9.305823
       134    -0.183686    -0.183686    -0.249141    -9.290685
       135    -0.184207    -0.184207    -0.246901    -9.276486
       136    -0.184736    -0.184736    -0.244698    -9.262248
       137    -0.185298    -0.185298    -0.242526    -9.248101
       138    -0.185858    -0.185858    -0.240382    -9.233770
       139    -0.186417    -0.186417    -0.238256    -9.219170
       140    -0.187015    -0.187015    -0.236182    -9.204885
       141    -0.187706    -0.187706    -0.234193    -9.191487
       142    -0.188386    -0.188386    -0.232188    -9.177428
       143    -0.189109    -0.189109    -0.230221    -9.163484
       144    -0.189865    -0.189865    -0.228354    -9.150133
       145    -0.190655    -0.190655    -0.226558    -9.137105
       146    -0.191492    -0.191492    -0.224749    -9.123634
       147    -0.192345    -0.192345    -0.222982    -9.110080
       148    -0.193210    -0.193210    -0.221308    -9.096902
       149    -0.194096    -0.194096    -0.219730    -9.084155
       150    -0.195005    -0.195005    -0.218231    -9.071688
       151    -0.195934    -0.195934    -0.216710    -9.058478
       152    -0.196858    -0.196858    -0.215212    -9.044917
       153    -0.197779    -0.197779    -0.213746    -9.031120
       154    -0.198680    -0.198680    -0.212332    -9.017284
       155    -0.199577    -0.199577    -0.210993    -9.003687
       156    -0.150000    -0.200492    -0.209724    -8.990265
