# Cycle: 9943, status: ACC, move: ('wf', 9000, 2, 14)
#     Time      Potential        Kinetic
         0   -8236.975700      91.506909            nan            nan
         1   -8237.830800      92.360040            nan            nan
         2   -8238.254700      92.777893            nan            nan
         3   -8238.180000      92.701116            nan            nan
         4   -8237.678700      92.180608            nan            nan
         5   -8236.856500      91.354264            nan            nan
         6   -8235.940700      90.446022            nan            nan
         7   -8235.181700      89.689438            nan            nan
         8   -8234.702700      89.202927            nan            nan
         9   -8234.455900      88.944820            nan            nan
        10   -8234.230500      88.700832            nan            nan
        11   -8233.686500      88.136245            nan            nan
        12   -8232.499200      86.939497            nan            nan
        13   -8230.555500      85.014101            nan            nan
