# Cycle: 9943, status: ACC, move: ('wf', 9000, 2, 14)
#     Time       Orderp
         0     1.064035     0.000000    -1.000000    -1.000000    -1.000000
         1     1.087064     0.000000    -1.000000    -1.000000    -1.000000
         2     1.109458     0.000000    -1.000000    -1.000000    -1.000000
         3     1.129943     0.000000    -1.000000    -1.000000    -1.000000
         4     1.147236     0.000000    -1.000000    -1.000000    -1.000000
         5     1.160125     0.000000    -1.000000    -1.000000    -1.000000
         6     1.167617     0.000000    -1.000000    -1.000000    -1.000000
         7     1.169008     0.000000    -1.000000    -1.000000    -1.000000
         8     1.163907     0.000000    -1.000000    -1.000000    -1.000000
         9     1.152282     0.000000    -1.000000    -1.000000    -1.000000
        10     1.134497     0.000000    -1.000000    -1.000000    -1.000000
        11     1.111234     0.000000    -1.000000    -1.000000    -1.000000
        12     1.083587     0.000000    -1.000000    -1.000000    -1.000000
        13     1.052994     0.000000    -1.000000    -1.000000    -1.000000
