0.000000000000000000e+00
0.000000000000000000e+00
0.000000000000000000e+00
0.000000000000000000e+00
0.000000000000000000e+00
0.000000000000000000e+00
0.000000000000000000e+00
0.000000000000000000e+00
0.000000000000000000e+00
0.000000000000000000e+00
0.000000000000000000e+00
0.000000000000000000e+00
0.000000000000000000e+00
0.000000000000000000e+00
0.000000000000000000e+00
0.000000000000000000e+00
0.000000000000000000e+00
0.000000000000000000e+00
0.000000000000000000e+00
4.438679316896332100e-05
5.909473973031589278e-01
5.932463270735874872e-01
5.978885734074980141e-01
5.964988076076724877e-01
6.012068688417959716e-01
5.995140483851296720e-01
6.064383881195192227e-01
6.003635197716975513e-01
5.952467939246933737e-01
5.935998908402334573e-01
5.924795069575442552e-01
6.011686043651544020e-01
5.983707058164714487e-01
5.969487978560228392e-01
5.969641036467734363e-01
6.044057791084556097e-01
5.974921534276240731e-01
5.938401917551702214e-01
5.989997738162964325e-01
6.023909377958487354e-01
1.000000000000000000e+00
9.633682938042840149e-01
9.283246379246297142e-01
9.006518721082581447e-01
8.852014204945838349e-01
8.872629339967230688e-01
8.700469951929677981e-01
8.287379826501979352e-01
8.083853315863321898e-01
7.908335357637524821e-01
7.688578213174924736e-01
7.535035313170885818e-01
7.260156350814090942e-01
7.073912331071664505e-01
6.987582118299364708e-01
6.769388574180967844e-01
6.584890160900075395e-01
6.286716969673467048e-01
6.210000982480028409e-01
6.157738573615190170e-01
6.005899897743637306e-01
5.848949624504830025e-01
5.711679426708984320e-01
5.558562644949482934e-01
5.319961231976166882e-01
5.094738035633267215e-01
4.882257855297888471e-01
4.649668560502095427e-01
4.481574416684044881e-01
4.251431201480417310e-01
4.067072578551850781e-01
3.871135474091317308e-01
3.752202515333773469e-01
3.534295270026279190e-01
3.338647906200944426e-01
3.105345403688135608e-01
2.898972064430109241e-01
2.671720683641915506e-01
2.377048885849036564e-01
1.979920341950064389e-01
2.674528939025613538e-05
0.000000000000000000e+00
0.000000000000000000e+00
0.000000000000000000e+00
0.000000000000000000e+00
0.000000000000000000e+00
0.000000000000000000e+00
0.000000000000000000e+00
0.000000000000000000e+00
0.000000000000000000e+00
0.000000000000000000e+00
0.000000000000000000e+00
0.000000000000000000e+00
0.000000000000000000e+00
0.000000000000000000e+00
0.000000000000000000e+00
0.000000000000000000e+00
0.000000000000000000e+00
0.000000000000000000e+00
0.000000000000000000e+00
