inf
inf
inf
inf
inf
inf
inf
inf
inf
inf
inf
inf
inf
inf
inf
inf
inf
inf
inf
1.002256858392293815e+01
5.260282717925608420e-01
5.221455748803938146e-01
5.143508744879716765e-01
5.166780364274341508e-01
5.088161959493634479e-01
5.116358712859929714e-01
5.001521417112120282e-01
5.102199409427075061e-01
5.187791797284631024e-01
5.215497710234686668e-01
5.234389939844366069e-01
5.088798440817599023e-01
5.135448077038688997e-01
5.159239350029311000e-01
5.158982952921411513e-01
5.035094869011789154e-01
5.150141276014057468e-01
5.211450332657674434e-01
5.124940584689352541e-01
5.068486461091948891e-01
-0.000000000000000000e+00
3.731949605596102809e-02
7.437378202074111655e-02
1.046364754956680132e-01
1.219400660905518852e-01
1.196139099379763815e-01
1.392080513292169031e-01
1.878512381601126213e-01
2.127164386119345385e-01
2.346677811951713155e-01
2.628492143239266610e-01
2.830215743743609291e-01
3.201837284644297732e-01
3.461713954071924393e-01
3.584505024102400683e-01
3.901743241541829055e-01
4.178074381353242828e-01
4.641461029501285362e-01
4.764240388393264358e-01
4.848754975245644916e-01
5.098427906141552723e-01
5.363229992382526623e-01
5.600719923067420947e-01
5.872455352482758295e-01
6.311190768895695857e-01
6.743768436111219344e-01
7.169773048642267277e-01
7.657891532465063156e-01
8.026106760094713355e-01
8.553294134568728557e-01
8.996616205060740112e-01
9.490372248289745682e-01
9.802420880045031870e-01
1.040071171362562552e+00
1.097019186469278207e+00
1.169460142672045455e+00
1.238228879378945768e+00
1.319862377348916205e+00
1.436725338630988613e+00
1.619528480435255213e+00
1.052915219768977195e+01
inf
inf
inf
inf
inf
inf
inf
inf
inf
inf
inf
inf
inf
inf
inf
inf
inf
inf
inf
