#ens 	[0-]	[0+]	[1+]
0	0.0	0.0
1	0.0	0.0
2	0.0	0.0
3	0.012625090064846689	0.008518098892647144
4	0.006604755423905212	0.006045369214102002
5	0.007157153150268193	0.007864768977580034
6	0.00759747017852854	0.006417519165722509
7	0.008221919782243216	0.004986809351714784
8	0.006852934112561044	0.007600129011983228
9	0.005764150188135458	0.006152879200125704
10	0.0071731646785685695	0.007517429022734227
11	0.005019614122167961	0.006425789164647409
12	0.007277239612521015	0.006740049123793614
13	0.008173885197342086	0.008220378931350738
14	0.00742934913137459	0.005449929291509192
15	0.005732127131534705	0.004573309405469777
16	0.006100392282443359	0.007368569042086025
17	0.007445360659674966	0.006566379146370711
18	0.008229925546393404	0.005234909319461789
19	0.006764870706908974	0.0054085792968846915
20	0.008790329036906573	0.007277599053912123
21	0.009078536546313345	0.005714569257105996
22	0.009799055319830278	0.005673219262481496
23	0.012617084300696501	0.006847559109817315
24	0.013105435913857977	0.006359629173248208
25	0.012777199583700265	0.005573979275382694
26	0.01142422544231847	0.004879299365691083
27	0.012641101593147066	0.004713899387193079
28	0.01313745897045873	0.004846219369991482
29	0.015138900008005765	0.0061280692033510034
30	0.013841966215675286	0.004974404353327434
31	0.015923464894724203	0.0037049595183552626
32	0.014354335121287327	0.004705629388268179
33	0.013297574253462494	0.004635334397406528
34	0.01408213914018093	0.004275589444173372
35	0.014026098791129614	0.004569174406007327
36	0.014738611800496357	0.0033369445661972064
37	0.01335361460251381	0.0059213192302285
38	0.013673845168521336	0.005123264333975637
39	0.013849971979825475	0.0050488343436515355
40	0.014482427347690337	0.005429254294196942
41	0.013089424385557602	0.004899974363003333
42	0.010727723961252102	0.005648409265706795
43	0.012128732687535025	0.0051398043318254365
44	0.01146425426306941	0.004345884435035023
45	0.011520294612120728	0.005280394313548739
46	0.01017532623488912	0.004548499408695077
47	0.009943159074533664	0.00595026422646565
48	0.011360179329116964	0.005400309297959791
49	0.010039228244335922	0.005731109254955797
50	0.0103914818669442	0.0062273091904498055
51	0.008277960131294532	0.006070179210876703
52	0.011360179329116964	0.006016424217864851
53	0.009238651829317109	0.00473457438450533
54	0.009422784404771435	0.006157014199588154
55	0.00888639820670883	0.005511954283445943
56	0.009238651829317109	0.005553304278070444
57	0.009214634536866544	0.005623599268932095
58	0.007701545112480986	0.005685624260868846
59	0.007533424065327036	0.005445794292046742
60	0.007581458650228164	0.006061909211951802
61	0.00815787366904171	0.004775924379129831
62	0.007053078216315747	0.006148744200663254
63	0.007357297254022896	0.006016424217864851
64	0.007661516291730046	0.00477178937966738
65	0.006316547914498439	0.005503684284521043
66	0.006692818829557281	0.00473457438450533
67	0.007181170442718757	0.005677354261943946
68	0.006981026338964054	0.005404444297422241
69	0.007581458650228164	0.005255584316774039
70	0.007045072452165559	0.004875164366228632
71	0.006244496037146745	0.005061239342038885
72	0.006180449923945241	0.004250779447398672
73	0.006620766952205588	0.0053754993011850905
74	0.00545192538627812	0.0064878141565841594
75	0.006628772716355777	0.006247984187762056
76	0.005419902329677368	0.004866894367303733
77	0.006084380754142983	0.004383099430197074
78	0.005732127131534705	0.005114994335050737
79	0.0056680810183332	0.00477178937966738
80	0.0048835161316147626	0.005528494281295744
81	0.005083660235369466	0.004879299365691083
82	0.00485149307501401	0.005094319337738486
83	0.005211752461772476	0.005400309297959791
84	0.005596029140981507	0.004436854423208925
85	0.004891521895764951	0.004862759367841282
86	0.004611320150508366	0.005094319337738486
87	0.004659354735409495	0.0044533944210587255
88	0.004195020414698583	0.004304534440410523
89	0.00532383315987511	0.004672549392568579
90	0.004307101112801217	0.004560904407082427
91	0.004090945480746137	0.004254914446861122
92	0.0044912336882555436	0.004416179425896675
93	0.004555279801457049	0.0043293444371852235
94	0.003418461292130334	0.0047014943888057294
95	0.004347129933552157	0.004895839363540883
96	0.003738691858137859	0.004006814479114117
97	0.0035865823392842847	0.0038248745027663145
98	0.0034024497638299577	0.004622929399019178
99	0.0031622768393243135	0.004180484456537021
100	0.003362420943079017	0.003663609523730762
101	0.0035305419902329676	0.00471803438665553
102	0.003938835961892563	0.005119129334513186
103	0.003714674565687295	0.004664279393643679
104	0.003666639980786166	0.004304534440410523
105	0.003594588103434473	0.003622259529106261
106	0.0032663517732767593	0.004395504428584425
107	0.003186294131774878	0.0040605694721259685
108	0.0031622768393243135	0.00415567445976232
109	0.0032903690657273238	0.0035230195420074594
110	0.0030822191978224322	0.003791794507066714
111	0.0027619886318149068	0.004279724443635822
112	0.0028580578016171644	0.003663609523730762
113	0.002657913697862461	0.003245974578023305
114	0.002313665839404371	0.0029937396108138505
115	0.0026018733488111442	0.004188754455461921
116	0.0024897926507085103	0.003088844598450202
117	0.002898086622368105	0.0040605694721259685
118	0.00296213273556961	0.003585044533944211
119	0.002769994395965095	0.0037421745135173133
120	0.0023617004243055	0.0038248745027663145
121	0.0023296773677047473	0.003738039514054863
122	0.002369706188455688	0.0032252995807110544
123	0.0021055159714994795	0.0036925545199679123
124	0.002201585141301737	0.003320404568347406
125	0.001425026018733488	0.0030847095989877523
126	0.0021055159714994795	0.0031632745887743034
127	0.0017292450564406372	0.003010279608663651
128	0.002057481386598351	0.003481669547382959
129	0.002185573613001361	0.0027993946360786973
130	0.0018413257545432712	0.0025140796731696427
131	0.00201745256584741	0.0033162695688849562
132	0.0019614122167960933	0.002857284628552998
133	0.002185573613001361	0.003200489583936354
134	0.0015531182451364984	0.0029399846178019997
135	0.0018012969337923305	0.0028862296247901486
136	0.0015210951885357457	0.0032170295817861546
137	0.0013769914338323593	0.0033452145651221067
138	0.0016411816507885678	0.0025140796731696427
139	0.0015771355375870627	0.0028117996344660477
140	0.0013769914338323593	0.0027001546489798956
141	0.0017692738771915779	0.0026174546597308944
142	0.0016812104715395084	0.0029275796194146494
143	0.0018573372828436475	0.0026339946575806945
144	0.0013289568489312305	0.0026753446522051953
145	0.0014090144904331118	0.0028283396323158477
146	0.0018973661035945881	0.0023982996882210405
147	0.001481066367784805	0.0031715445876992036
148	0.0016732047073893203	0.0031095195957624527
149	0.0017372508205908254	0.002472729678545142
150	0.0014970778960851814	0.0028490146296280983
151	0.0012569049715795372	0.0022659797054226383
152	0.0015771355375870627	0.003010279608663651
153	0.0013769914338323593	0.0029482546167269
154	0.0013129453206308542	0.0030640346016755017
155	0.001360979905531983	0.0032831895731853557
156	0.0011688415659274678	0.0021708747177862867
157	0.0013209510847810423	0.0028076646350035975
158	0.0012168761508285966	0.002584374664031294
159	0.0007605475942678728	0.0022204947113356873
160	0.0011047954527259626	0.0025802396645688438
161	0.0009446801697222	0.0022783847038099886
162	0.0012088703866784084	0.0026381296570431446
163	0.0010407493395244577	0.0025719696656439435
164	0.0008486109999199424	0.002237034709185488
165	0.0012008646225282202	0.002050959733375235
166	0.0008085821791690016	0.0016953497796045286
167	0.0009526859338723882	0.0023321396968218394
168	0.0007445360659674966	0.0018855597548772319
169	0.0011368185093267153	0.0019393147478890828
170	0.0009366744055720118	0.0022783847038099886
171	0.001304939556480666	0.00234867969467164
172	0.0011928588583780323	0.0020468247339127848
173	0.0009126571131214474	0.002013744738213184
174	0.0006965014810663678	0.0019145047511143823
175	0.000888639820670883	0.002112984725311986
176	0.0006724841886158034	0.001831804761865381
177	0.0007525418301176848	0.002129524723161786
178	0.0008165879433191898	0.002088174728537285
179	0.0009206628772716356	0.002195684714560987
180	0.0012008646225282202	0.0017325647747665793
181	0.0010007205187735168	0.001889694754339682
182	0.0006644784244656152	0.0023528146941340896
183	0.0006244496037146746	0.0020468247339127848
184	0.0007445360659674966	0.0020468247339127848
185	0.0006164438395644864	0.0019393147478890828
186	0.0008085821791690016	0.0016457297860551277
187	0.000592426547113922	0.0017863197677784302
188	0.0006884957169161796	0.001955854745738883
189	0.0005844207829637339	0.0020344197355254344
190	0.0007285245376671203	0.0015795697946559266
191	0.0004803458490112881	0.0018648847575649815
192	0.0007525418301176848	0.0020302847360629843
193	0.0007045072452165559	0.001707754777991879
194	0.00028820750940677285	0.002117119724774436
195	0.0008165879433191898	0.001959989745201333
196	0.0004883516131614763	0.0018607497581025314
197	0.0003922824433592186	0.0012859848328219718
198	0.0002721959811063966	0.001889694754339682
199	0.00028820750940677285	0.0016209197892804274
200	0.0006084380754142983	0.0016085147908930773
201	0.0006004323112641101	0.00178218476831598
202	0.0006244496037146746	0.0017408347736914795
203	0.0006644784244656152	0.0015630297968061264
204	0.000712513009366744	0.0016250547887428776
205	0.000416299735809783	0.002249439707572838
206	0.00023216716035545594	0.0016167847898179773
207	0.00032823633015771354	0.0014307098140077241
208	0.0003842766792090305	0.001600244791968177
209	0.00026419021695620845	0.002410704686608391
210	0.0004723400848611	0.0019186397505768324
211	0.00028820750940677285	0.0016043797914306272
212	0.00016812104715395085	0.0019765297430511335
213	0.0006164438395644864	0.001897964753264582
214	0.0003602593867584661	0.0016953497796045286
215	0.0002481786886558322	0.0013810898204583233
216	0.00026419021695620845	0.0013273348274464723
217	0.00035225362260827794	0.0018028597656282305
218	0.00026419021695620845	0.0012777148338970715
219	0.0003922824433592186	0.0012239598408852208
220	0.00025618445280602034	0.0016581347844424781
221	0.0003202305660075254	0.0010544248629247679
222	0.0003602593867584661	0.0010544248629247679
223	0.0004082939716595949	0.0011619348489484696
224	0.0003922824433592186	0.0014927348059444751
225	0.0003602593867584661	0.0019020997527270322
226	0.00035225362260827794	0.001248769837659921
227	0.00035225362260827794	0.0012942548317468718
228	0.0004002882075094068	0.0010337498656125175
229	0.0003122248018573373	0.0011412598516362194
230	0.00032823633015771354	0.0012611748360472712
231	0.00025618445280602034	0.001124719853786419
232	0.00024017292450564405	0.0011536648500235695
233	0.00016812104715395085	0.0010875048586243684
234	0.0003122248018573373	0.0011577998494860197
235	0.00025618445280602034	0.0013934948188456735
236	0.000296213273556961	0.0011908798451856202
237	0.000296213273556961	0.0016457297860551277
238	0.00017612681130413897	0.0014307098140077241
239	0.000416299735809783	0.0013231998279840224
240	0.00017612681130413897	0.0014596548102448746
241	0.0001360979905531983	0.0009799948726006665
242	0.0001601152830037627	0.0012901198322844219
243	0.00019213833960451525	0.001302524830671772
244	0.00024017292450564405	0.0008807548855018648
245	0.0001601152830037627	0.0007070849080789619
246	8.005764150188136e-05	0.001004804869375367
247	0.0002721959811063966	0.0009055648822765653
248	0.0002721959811063966	0.0010750998602370183
249	0.00025618445280602034	0.0013190648285215723
250	0.00012008646225282203	0.001000669869912917
251	0.0001360979905531983	0.0009510498763635161
252	0.00017612681130413897	0.0011040448564741687
253	0.0003122248018573373	0.0007608399010908129
254	0.0001601152830037627	0.001004804869375367
255	0.00025618445280602034	0.0010916398580868185
256	0.0001601152830037627	0.0011081798559366188
257	0.00030421903770714914	0.001004804869375367
258	0.00014410375470338643	0.000826999892490014
259	0.00028020174525658474	0.0009096998817390154
260	0.00021615563205507965	0.0009841298720631166
261	0.0001601152830037627	0.0010461548639998676
262	0.00019213833960451525	0.0008518098892647144
263	0.0001601152830037627	0.0011702048478733698
264	0.00010407493395244576	0.0010544248629247679
265	0.0001360979905531983	0.0007484349027034626
266	9.606916980225763e-05	0.0015630297968061264
267	0.00012809222640301017	0.0008559448887271644
268	7.205187735169321e-05	0.0012735798344346216
269	0.00012008646225282203	0.001236364839272571
270	0.00012008646225282203	0.0007980548962528635
271	8.005764150188136e-05	0.0009096998817390154
272	7.205187735169321e-05	0.0012322298398101208
273	6.404611320150508e-05	0.0007897848973279633
274	0.0002241613962052678	0.0008683498871145147
275	0.00012809222640301017	0.0005830349242054598
276	0.0001601152830037627	0.0010502898634623177
277	6.404611320150508e-05	0.0010999098570117186
278	3.202305660075254e-05	0.0009179698806639155
279	0.0001120806981026339	0.000946914876901066
280	2.4017292450564407e-05	0.0006409249166797608
281	7.205187735169321e-05	0.0007980548962528635
282	0.0001120806981026339	0.0007525699021659127
283	0.0001360979905531983	0.0005582249274307594
284	8.806340565206948e-05	0.0006161149199050604
285	5.604034905131695e-05	0.001128854853248869
286	5.604034905131695e-05	0.000773244899478163
287	0.00015210951885357457	0.000889024884426765
288	0.0001841325754543271	0.0008394048908773641
289	8.806340565206948e-05	0.0008559448887271644
290	0.00015210951885357457	0.0008104598946402137
291	8.005764150188136e-05	0.0007525699021659127
292	8.005764150188136e-05	0.0011453948510986693
293	0.0001120806981026339	0.0006533299150671111
294	0.00021615563205507965	0.000711219907541412
295	3.202305660075254e-05	0.0009055648822765653
296	3.202305660075254e-05	0.0007567049016283628
297	3.202305660075254e-05	0.0005499549285058593
298	1.601152830037627e-05	0.0006698699129169114
299	8.005764150188136e-05	0.0008972948833516651
300	4.002882075094068e-05	0.0007897848973279633
301	9.606916980225763e-05	0.0006657349134544612
302	0.00012008646225282203	0.00046311993979440783
303	4.8034584901128814e-05	0.0007484349027034626
304	4.002882075094068e-05	0.0006574649145295611
305	0.00012008646225282203	0.0006161149199050604
306	7.205187735169321e-05	0.000355609953770706
307	0.0001360979905531983	0.00044657994194460755
308	0.0	0.0007029499086165119
309	4.8034584901128814e-05	0.0006698699129169114
310	0.00010407493395244576	0.000769109900015713
311	9.606916980225763e-05	0.00040936494678255693
312	2.4017292450564407e-05	0.0006326549177548607
313	2.4017292450564407e-05	0.0005044699344189085
314	2.4017292450564407e-05	0.0005788999247430098
315	6.404611320150508e-05	0.0004424449424821575
316	7.205187735169321e-05	0.0006243849188299605
317	3.202305660075254e-05	0.0006078449209801603
318	4.002882075094068e-05	0.0006367899172173108
319	3.202305660075254e-05	0.00059130492313036
320	2.4017292450564407e-05	0.0008518098892647144
321	8.005764150188136e-05	0.0008104598946402137
322	0.00012809222640301017	0.0006161149199050604
323	4.002882075094068e-05	0.0006326549177548607
324	4.8034584901128814e-05	0.0007318949048536623
325	2.4017292450564407e-05	0.0004383099430197074
326	1.601152830037627e-05	0.00035147495430825596
327	6.404611320150508e-05	0.0005044699344189085
328	8.005764150188136e-05	0.0005664949263556596
329	8.806340565206948e-05	0.0006781399118418115
330	1.601152830037627e-05	0.0006037099215177102
331	4.002882075094068e-05	0.0006574649145295611
332	8.005764150188136e-06	0.0006161149199050604
333	5.604034905131695e-05	0.0004010949478576568
334	2.4017292450564407e-05	0.0005582249274307594
335	8.005764150188136e-06	0.00033906995592090575
336	6.404611320150508e-05	0.0006202499193675105
337	2.4017292450564407e-05	0.0006078449209801603
338	0.0	0.0007318949048536623
339	4.002882075094068e-05	0.00046311993979440783
340	2.4017292450564407e-05	0.0003307999569960056
341	3.202305660075254e-05	0.0006078449209801603
342	3.202305660075254e-05	0.0005706299258181097
343	0.0001120806981026339	0.0005044699344189085
344	1.601152830037627e-05	0.0003349349564584557
345	5.604034905131695e-05	0.00048792993656910825
346	3.202305660075254e-05	0.0007277599053912123
347	0.0	0.0005416849295809592
348	2.4017292450564407e-05	0.0006367899172173108
349	0.0	0.0004300399440948073
350	0.0	0.00042176994516990714
351	0.0	0.0004424449424821575
352	4.002882075094068e-05	0.0005788999247430098
353	0.00012008646225282203	0.0003349349564584557
354	0.0	0.00038041995054540644
355	3.202305660075254e-05	0.00032252995807110547
356	9.606916980225763e-05	0.0005251449317311589
357	1.601152830037627e-05	0.0005540899279683094
358	0.0	0.00059130492313036
359	0.0	0.00026877496505925457
360	0.0	0.00043417494355725735
361	1.601152830037627e-05	0.0003721499516205063
362	8.005764150188136e-06	0.0002646399655968045
363	0.0	0.00045898494033195776
364	4.002882075094068e-05	0.000533414930656059
365	8.005764150188136e-06	0.0003349349564584557
366	2.4017292450564407e-05	0.0004548499408695077
367	0.0	0.00028531496290905485
368	4.002882075094068e-05	0.0005210099322687089
369	8.005764150188136e-06	0.00029771996129640505
370	8.005764150188136e-06	0.0006037099215177102
371	8.005764150188136e-06	0.00029771996129640505
372	0.0	0.0004672549392568579
373	6.404611320150508e-05	0.00019847997419760336
374	2.4017292450564407e-05	0.00020261497366005343
375	2.4017292450564407e-05	0.00035147495430825596
376	1.601152830037627e-05	0.00040936494678255693
377	2.4017292450564407e-05	0.0003018549607588551
378	0.0001120806981026339	0.0003762849510829564
379	0.0	0.00042176994516990714
380	8.005764150188136e-06	0.0004010949478576568
381	0.0	0.0003349349564584557
382	0.0	0.00058716992366791
383	0.0	0.0003307999569960056
384	2.4017292450564407e-05	0.000293584961833955
385	4.002882075094068e-05	0.00026877496505925457
386	8.005764150188136e-06	0.0005499549285058593
387	1.601152830037627e-05	0.0003969599483952067
388	8.005764150188136e-06	0.0004424449424821575
389	8.005764150188136e-06	0.000355609953770706
390	8.005764150188136e-06	0.00047138993871930797
391	0.0	0.0002646399655968045
392	1.601152830037627e-05	0.0005375499301185091
393	1.601152830037627e-05	0.00019847997419760336
394	0.0	0.0004796599376442081
395	8.005764150188136e-06	0.0002646399655968045
396	1.601152830037627e-05	0.00039282494893275665
397	3.202305660075254e-05	0.00031425995914620533
398	0.0	0.000355609953770706
399	0.0	0.0003349349564584557
400	0.0	6.615999139920112e-05
401	0.0	0.000177804976885353
402	8.005764150188136e-06	0.0003432049553833558
403	0.0	0.00021088497258495357
404	0.0	0.00032666495753355554
405	0.0	0.00016953497796045287
406	0.0	0.000355609953770706
407	2.4017292450564407e-05	0.00019847997419760336
408	0.0	0.00018607497581025315
409	1.601152830037627e-05	0.00039282494893275665
410	8.005764150188136e-06	0.0004424449424821575
411	0.0	0.00022328997097230378
412	2.4017292450564407e-05	5.375499301185091e-05
413	2.4017292450564407e-05	0.0001943449747351533
414	0.0	0.00021501997204740364
415	2.4017292450564407e-05	0.00021501997204740364
416	0.0	0.0002811799634466048
417	0.0	0.0004300399440948073
418	0.0	0.00021501997204740364
419	0.0	0.00010750998602370182
420	0.0	0.00015712997957310267
421	0.0	0.0001405899817233024
422	0.0	0.0002646399655968045
423	8.005764150188136e-06	0.000355609953770706
424	0.0	0.00019020997527270322
425	1.601152830037627e-05	0.0004383099430197074
426	3.202305660075254e-05	0.00013231998279840225
427	0.0	0.00026050496613435443
428	1.601152830037627e-05	0.0001943449747351533
429	8.005764150188136e-06	0.00018193997634780308
430	0.0	0.00011991498441105203
431	0.0	0.00018607497581025315
432	0.0	0.00023155996989720392
433	0.0	0.00021501997204740364
434	0.0	0.00026877496505925457
435	0.0	0.0003473399548458059
436	8.005764150188136e-06	0.00016126497903555274
437	0.0	0.000355609953770706
438	8.005764150188136e-06	0.00047138993871930797
439	8.005764150188136e-06	0.00011164498548615189
440	8.005764150188136e-06	0.00032252995807110547
441	0.0	0.0002894499623715049
442	0.0	0.0002191549715098537
443	8.005764150188136e-06	0.0003473399548458059
444	0.0	0.0003597449532331561
445	0.0	0.00016953497796045287
446	0.0	0.00013231998279840225
447	0.0	0.00016126497903555274
448	8.005764150188136e-06	0.00016953497796045287
449	1.601152830037627e-05	0.000177804976885353
450	0.0	0.00011164498548615189
451	8.005764150188136e-06	7.02949908616512e-05
452	0.0	0.0002770449639841547
453	0.0	0.00010337498656125175
454	0.0	0.00014472498118575246
455	8.005764150188136e-06	0.00012818498333595218
456	8.005764150188136e-06	0.0003473399548458059
457	0.0	0.00014885998064820253
458	0.0	0.00013645498226085232
459	0.0	0.00022742497043475385
460	0.0	4.961999354940084e-05
461	1.601152830037627e-05	0.00018607497581025315
462	0.0	0.0003349349564584557
463	8.005764150188136e-06	0.00024809996774700417
464	0.0	0.00021501997204740364
465	0.0	0.0001653999784980028
466	0.0	0.00028531496290905485
467	0.0	0.00023982996882210405
468	0.0	0.0002067499731225035
469	0.0	0.0001405899817233024
470	0.0	0.00013645498226085232
471	0.0	0.0003183949586086554
472	0.0	0.0003059899602213052
473	0.0	0.00013231998279840225
474	0.0	0.00011164498548615189
475	0.0	0.00011164498548615189
476	8.005764150188136e-06	0.00011991498441105203
477	0.0	0.00016953497796045287
478	7.205187735169321e-05	4.548499408695077e-05
479	0.0	0.00022742497043475385
480	0.0	0.00019020997527270322
481	1.601152830037627e-05	0.0003059899602213052
482	0.0	0.00013231998279840225
483	0.0	0.00011577998494860196
484	0.0	8.683498871145147e-05
485	0.0	9.096998817390154e-05
486	0.0	0.00018607497581025315
487	0.0	0.00011164498548615189
488	0.0	0.00013231998279840225
489	0.0	0.00014472498118575246
490	0.0	0.0001405899817233024
491	0.0	4.961999354940084e-05
492	0.0	0.00021088497258495357
493	0.0	0.0001529949801106526
494	0.0	0.00016126497903555274
495	0.0	6.615999139920112e-05
496	0.0	0.00018607497581025315
497	0.0	0.0002646399655968045
498	0.0	0.00017366997742290294
499	0.0	6.615999139920112e-05
500	0.0	0.0001653999784980028
501	0.0	5.375499301185091e-05
502	8.005764150188136e-06	0.00015712997957310267
503	0.0	0.00023569496935965399
504	0.0	0.00016953497796045287
505	0.0	0.0003886899494703066
506	0.0	0.00011991498441105203
507	0.0	0.00011991498441105203
508	0.0	0.00014472498118575246
509	0.0	9.923998709880168e-05
510	0.0	0.00013231998279840225
511	0.0	7.442999032410126e-05
512	0.0	5.375499301185091e-05
513	0.0	7.442999032410126e-05
514	0.0	0.0001653999784980028
515	0.0	3.307999569960056e-05
516	0.0	7.856498978655133e-05
517	0.0	0.0002811799634466048
518	0.0	0.00012404998387350208
519	0.0	0.00017366997742290294
520	0.0	4.961999354940084e-05
521	0.0	0.00019020997527270322
522	0.0	3.307999569960056e-05
523	0.0	0.0001529949801106526
524	0.0	2.894499623715049e-05
525	0.0	9.923998709880168e-05
526	0.0	7.02949908616512e-05
527	0.0	0.00011164498548615189
528	0.0	6.202499193675104e-05
529	0.0	5.788999247430098e-05
530	0.0	3.721499516205063e-05
531	0.0	2.480999677470042e-05
532	0.0	0.00011164498548615189
533	0.0	8.26999892490014e-05
534	0.0	9.923998709880168e-05
535	0.0	0.00013231998279840225
536	0.0	0.00014472498118575246
537	0.0	9.096998817390154e-05
538	0.0	5.375499301185091e-05
539	0.0	1.240499838735021e-05
540	0.0	7.442999032410126e-05
541	0.0	0.00011991498441105203
542	0.0	4.13499946245007e-05
543	0.0	0.00011164498548615189
544	0.0	2.480999677470042e-05
545	0.0	2.067499731225035e-05
546	0.0	8.26999892490014e-05
547	0.0	0.00014472498118575246
548	0.0	7.442999032410126e-05
549	0.0	2.480999677470042e-05
550	0.0	7.442999032410126e-05
551	0.0	4.548499408695077e-05
552	0.0	5.788999247430098e-05
553	0.0	5.788999247430098e-05
554	0.0	0.00019847997419760336
555	0.0	0.00014885998064820253
556	0.0	7.442999032410126e-05
557	0.0	4.13499946245007e-05
558	0.0	5.375499301185091e-05
559	0.0	9.096998817390154e-05
560	0.0	1.240499838735021e-05
561	0.0	3.307999569960056e-05
562	0.0	2.894499623715049e-05
563	0.0	0.00013645498226085232
564	0.0	9.923998709880168e-05
565	0.0	4.961999354940084e-05
566	0.0	2.067499731225035e-05
567	0.0	0.00012818498333595218
568	0.0	7.02949908616512e-05
569	0.0	7.02949908616512e-05
570	0.0	0.0
571	0.0	6.615999139920112e-05
572	0.0	7.856498978655133e-05
573	0.0	0.00010337498656125175
574	0.0	0.00011577998494860196
575	0.0	7.442999032410126e-05
576	0.0	9.923998709880168e-05
577	0.0	3.307999569960056e-05
578	0.0	4.548499408695077e-05
579	0.0	8.26999892490014e-05
580	0.0	2.894499623715049e-05
581	0.0	1.240499838735021e-05
582	0.0	0.00011991498441105203
583	0.0	0.00016126497903555274
584	0.0	7.442999032410126e-05
585	0.0	3.721499516205063e-05
586	0.0	0.00011164498548615189
587	0.0	0.00011164498548615189
588	0.0	0.00011577998494860196
589	0.0	9.923998709880168e-05
590	0.0	7.02949908616512e-05
591	0.0	3.721499516205063e-05
592	0.0	3.307999569960056e-05
593	0.0	0.00010337498656125175
594	0.0	8.26999892490014e-06
595	0.0	2.894499623715049e-05
596	0.0	5.375499301185091e-05
597	0.0	1.653999784980028e-05
598	0.0	2.894499623715049e-05
599	0.0	1.240499838735021e-05
600	0.0	2.480999677470042e-05
601	0.0	9.923998709880168e-05
602	0.0	9.096998817390154e-05
603	0.0	6.615999139920112e-05
604	0.0	4.548499408695077e-05
605	0.0	8.26999892490014e-06
606	0.0	7.02949908616512e-05
607	0.0	1.240499838735021e-05
608	0.0	9.510498763635161e-05
609	0.0	4.961999354940084e-05
610	0.0	9.510498763635161e-05
611	0.0	2.894499623715049e-05
612	0.0	0.00022742497043475385
613	0.0	1.240499838735021e-05
614	0.0	8.26999892490014e-05
615	0.0	2.480999677470042e-05
616	0.0	4.13499946245007e-05
617	0.0	0.0
618	0.0	3.307999569960056e-05
619	0.0	1.240499838735021e-05
620	0.0	5.788999247430098e-05
621	0.0	3.307999569960056e-05
622	0.0	5.375499301185091e-05
623	0.0	6.615999139920112e-05
624	0.0	1.240499838735021e-05
625	0.0	0.00010750998602370182
626	0.0	3.307999569960056e-05
627	0.0	9.096998817390154e-05
628	0.0	3.721499516205063e-05
629	0.0	7.02949908616512e-05
630	0.0	1.240499838735021e-05
631	0.0	3.307999569960056e-05
632	0.0	5.375499301185091e-05
633	0.0	0.0
634	0.0	3.307999569960056e-05
635	0.0	8.26999892490014e-06
636	0.0	2.067499731225035e-05
637	0.0	2.894499623715049e-05
638	0.0	8.26999892490014e-06
639	0.0	1.653999784980028e-05
640	0.0	2.894499623715049e-05
641	0.0	4.548499408695077e-05
642	0.0	4.548499408695077e-05
643	0.0	2.480999677470042e-05
644	0.0	4.961999354940084e-05
645	0.0	2.480999677470042e-05
646	0.0	4.13499946245007e-06
647	0.0	8.26999892490014e-06
648	0.0	0.0
649	0.0	2.067499731225035e-05
650	0.0	1.653999784980028e-05
651	0.0	2.894499623715049e-05
652	0.0	4.13499946245007e-05
653	0.0	8.26999892490014e-06
654	0.0	4.548499408695077e-05
655	0.0	3.307999569960056e-05
656	0.0	2.480999677470042e-05
657	0.0	7.442999032410126e-05
658	0.0	0.0
659	0.0	0.0
660	0.0	2.480999677470042e-05
661	0.0	0.0
662	0.0	0.00018193997634780308
663	0.0	8.26999892490014e-06
664	0.0	9.923998709880168e-05
665	0.0	1.653999784980028e-05
666	0.0	3.721499516205063e-05
667	0.0	2.480999677470042e-05
668	0.0	6.202499193675104e-05
669	4.002882075094068e-05	1.653999784980028e-05
670	0.0	1.240499838735021e-05
671	0.0	2.067499731225035e-05
672	0.0	1.653999784980028e-05
673	0.0	0.0
674	0.0	6.202499193675104e-05
675	0.0	1.240499838735021e-05
676	0.0	4.13499946245007e-06
677	0.0	2.894499623715049e-05
678	0.0	0.0
679	0.0	1.653999784980028e-05
680	0.0	0.00014472498118575246
681	0.0	0.0
682	0.0	0.0
683	0.0	8.26999892490014e-06
684	0.0	4.548499408695077e-05
685	0.0	2.067499731225035e-05
686	0.0	4.13499946245007e-06
687	0.0	1.653999784980028e-05
688	0.0	3.307999569960056e-05
689	0.0	5.788999247430098e-05
690	0.0	1.653999784980028e-05
691	0.0	2.480999677470042e-05
692	0.0	0.0
693	0.0	4.13499946245007e-05
694	0.0	0.0
695	0.0	2.480999677470042e-05
696	0.0	3.307999569960056e-05
697	0.0	8.683498871145147e-05
698	0.0	3.307999569960056e-05
699	0.0	8.26999892490014e-06
700	0.0	8.26999892490014e-06
701	0.0	8.26999892490014e-06
702	0.0	0.0
703	0.0	8.26999892490014e-06
704	0.0	2.480999677470042e-05
705	0.0	0.0
706	0.0	0.0
707	0.0	5.788999247430098e-05
708	0.0	3.307999569960056e-05
709	0.0	8.26999892490014e-05
710	0.0	2.067499731225035e-05
711	0.0	3.721499516205063e-05
712	0.0	0.0
713	0.0	4.13499946245007e-05
714	0.0	0.0
715	0.0	0.0
716	0.0	0.0
717	0.0	4.961999354940084e-05
718	0.0	2.894499623715049e-05
719	0.0	2.894499623715049e-05
720	0.0	0.0
721	0.0	8.26999892490014e-06
722	0.0	1.653999784980028e-05
723	0.0	1.653999784980028e-05
724	0.0	0.0
725	0.0	1.653999784980028e-05
726	0.0	1.653999784980028e-05
727	0.0	0.0
728	0.0	9.096998817390154e-05
729	0.0	8.26999892490014e-06
730	0.0	8.26999892490014e-06
731	0.0	2.067499731225035e-05
732	0.0	2.480999677470042e-05
733	0.0	4.961999354940084e-05
734	0.0	1.653999784980028e-05
735	0.0	0.0
736	0.0	1.653999784980028e-05
737	0.0	4.13499946245007e-06
738	0.0	2.480999677470042e-05
739	0.0	0.0
740	0.0	0.0
741	0.0	4.13499946245007e-06
742	0.0	4.13499946245007e-06
743	0.0	0.0
744	0.0	1.653999784980028e-05
745	0.0	0.0
746	0.0	1.653999784980028e-05
747	0.0	8.26999892490014e-06
748	0.0	3.307999569960056e-05
749	0.0	0.0
750	0.0	0.0
751	0.0	0.0
752	0.0	0.0
753	0.0	0.00012818498333595218
754	0.0	3.307999569960056e-05
755	0.0	1.240499838735021e-05
756	0.0	3.307999569960056e-05
757	0.0	0.0
758	0.0	0.0
759	0.0	0.0
760	0.0	0.0
761	0.0	3.721499516205063e-05
762	0.0	0.0
763	0.0	0.0
764	0.0	1.240499838735021e-05
765	0.0	3.721499516205063e-05
766	0.0	5.788999247430098e-05
767	0.0	0.0
768	0.0	4.13499946245007e-06
769	0.0	7.856498978655133e-05
770	0.0	0.0
771	0.0	0.0
772	0.0	0.0
773	0.0	1.240499838735021e-05
774	0.0	1.653999784980028e-05
775	0.0	1.240499838735021e-05
776	0.0	8.26999892490014e-06
777	0.0	8.26999892490014e-06
778	0.0	0.0
779	0.0	1.240499838735021e-05
780	0.0	1.240499838735021e-05
781	0.0	2.480999677470042e-05
782	0.0	1.240499838735021e-05
783	0.0	4.548499408695077e-05
784	0.0	1.240499838735021e-05
785	0.0	1.240499838735021e-05
786	0.0	2.067499731225035e-05
787	0.0	1.240499838735021e-05
788	0.0	2.067499731225035e-05
789	0.0	3.307999569960056e-05
790	0.0	0.0
791	0.0	8.26999892490014e-06
792	0.0	0.0
793	0.0	4.13499946245007e-06
794	0.0	0.0
795	0.0	0.0
796	0.0	3.721499516205063e-05
797	0.0	3.307999569960056e-05
798	0.0	0.0
799	0.0	0.0
800	0.0	2.067499731225035e-05
801	0.0	1.240499838735021e-05
802	0.0	0.0
803	0.0	0.0
804	0.0	0.0
805	0.0	1.653999784980028e-05
806	0.0	1.653999784980028e-05
807	0.0	8.26999892490014e-06
808	0.0	0.0
809	0.0	4.13499946245007e-06
810	0.0	0.0
811	0.0	0.0
812	0.0	1.653999784980028e-05
813	0.0	0.0
814	0.0	0.0
815	0.0	0.0
816	0.0	2.480999677470042e-05
817	0.0	0.0
818	0.0	8.26999892490014e-06
819	0.0	0.0
820	0.0	0.0
821	0.0	0.0
822	0.0	0.0
823	0.0	4.13499946245007e-06
824	0.0	0.0
825	0.0	1.240499838735021e-05
826	0.0	0.0
827	0.0	0.0
828	0.0	0.0
829	0.0	4.13499946245007e-06
830	0.0	8.26999892490014e-06
831	0.0	0.0
832	0.0	0.0
833	0.0	0.0
834	0.0	9.923998709880168e-05
835	0.0	0.0
836	0.0	1.653999784980028e-05
837	0.0	4.961999354940084e-05
838	0.0	2.067499731225035e-05
839	0.0	0.0
840	0.0	4.13499946245007e-06
841	0.0	0.0
842	0.0	8.26999892490014e-06
843	0.0	0.0
844	0.0	0.0
845	0.0	0.0
846	0.0	0.0
847	0.0	1.240499838735021e-05
848	0.0	1.653999784980028e-05
849	0.0	8.26999892490014e-06
850	0.0	1.653999784980028e-05
851	0.0	0.0
852	0.0	1.240499838735021e-05
853	0.0	0.0
854	0.0	8.26999892490014e-06
855	0.0	8.26999892490014e-06
856	0.0	0.0
857	0.0	3.307999569960056e-05
858	0.0	0.0
859	0.0	1.240499838735021e-05
860	0.0	0.0
861	0.0	8.26999892490014e-06
862	0.0	4.13499946245007e-06
863	0.0	0.0
864	0.0	0.0
865	0.0	0.0
866	0.0	0.0
867	0.0	4.13499946245007e-06
868	0.0	0.0
869	0.0	0.0
870	0.0	0.0
871	0.0	2.480999677470042e-05
872	0.0	0.0
873	0.0	0.0
874	0.0	0.0
875	0.0	1.240499838735021e-05
876	0.0	0.0
877	0.0	0.0
878	0.0	0.0
879	0.0	0.0
880	0.0	0.0
881	0.0	8.26999892490014e-06
882	0.0	0.0
883	0.0	0.0
884	0.0	2.480999677470042e-05
885	0.0	0.0
886	0.0	0.0
887	0.0	0.0
888	0.0	0.0
889	0.0	0.0
890	0.0	0.0
891	0.0	0.0
892	0.0	4.13499946245007e-05
893	0.0	0.0
894	0.0	0.0
895	0.0	0.0
896	0.0	0.0
897	0.0	0.0
898	0.0	1.240499838735021e-05
899	0.0	0.0
900	0.0	0.0
901	0.0	0.0
902	0.0	0.0
903	0.0	4.13499946245007e-06
904	0.0	4.13499946245007e-06
905	0.0	4.13499946245007e-06
906	0.0	0.0
907	0.0	3.307999569960056e-05
908	0.0	0.0
909	0.0	0.0
910	0.0	0.0
911	0.0	0.0
912	0.0	0.00010750998602370182
913	0.0	8.26999892490014e-06
914	0.0	0.0
915	0.0	1.653999784980028e-05
916	0.0	0.0
917	0.0	0.0
918	0.0	0.0
919	0.0	0.0
920	0.0	0.0
921	0.0	0.0
922	0.0	0.0
923	0.0	0.0
924	0.0	2.067499731225035e-05
925	0.0	0.0
926	0.0	0.0
927	0.0	0.0
928	0.0	8.26999892490014e-06
929	0.0	0.0
930	0.0	0.0
931	0.0	0.0
932	0.0	0.0
933	0.0	0.0
934	0.0	0.0
935	0.0	0.0
936	0.0	0.0
937	0.0	0.0
938	0.0	0.0
939	0.0	0.0
940	0.0	0.0
941	0.0	0.0
942	0.0	0.0
943	0.0	0.0
944	0.0	0.0
945	0.0	0.0
946	0.0	0.0
947	0.0	0.0
948	0.0	0.0
949	0.0	0.0
950	0.0	0.0
951	0.0	0.0
952	0.0	0.0
953	0.0	0.0
954	0.0	2.894499623715049e-05
955	0.0	0.0
956	0.0	0.0
957	0.0	0.0
958	0.0	0.0
959	0.0	0.0
960	0.0	0.0
961	0.0	0.0
962	0.0	4.13499946245007e-05
963	0.0	0.0
964	0.0	0.0
965	0.0	0.0
966	0.0	0.0
967	0.0	1.240499838735021e-05
968	0.0	0.0
969	0.0	0.0
970	0.0	2.067499731225035e-05
971	0.0	0.0
972	0.0	8.26999892490014e-06
973	0.0	0.0
974	0.0	0.0
975	0.0	2.067499731225035e-05
976	0.0	0.0
977	0.0	0.0
978	0.0	0.0
979	0.0	0.0
980	0.0	0.0
981	0.0	0.0
982	0.0	4.13499946245007e-06
983	0.0	4.13499946245007e-06
984	0.0	0.0
985	0.0	0.0
986	0.0	0.0
987	0.0	0.0
988	0.0	0.0
989	0.0	0.0
990	0.0	0.0
991	0.0	0.0
992	0.0	0.0
993	0.0	0.0
994	0.0	0.0
995	0.0	0.0
996	0.0	0.0
997	0.0	0.0
998	0.0	0.0
999	0.0	0.0
1000	0.0	4.13499946245007e-06
1001	0.0	0.0
1002	0.0	0.0
1003	0.0	0.0
1004	0.0	0.0
1005	0.0	0.0
1006	0.0	0.0
1007	0.0	0.0
1008	0.0	0.0
1009	0.0	0.0
1010	0.0	0.0
1011	0.0	0.0
1012	0.0	8.26999892490014e-06
1013	0.0	0.0
1014	0.0	0.0
1015	0.0	0.0
1016	0.0	0.0
1017	0.0	0.0
1018	0.0	0.0
1019	0.0	0.0
1020	0.0	0.0
1021	0.0	8.26999892490014e-06
1022	0.0	0.0
1023	0.0	0.0
1024	0.0	0.0
1025	0.0	0.0
1026	0.0	0.0
1027	0.0	1.240499838735021e-05
1028	0.0	0.0
1029	0.0	0.0
1030	0.0	0.0
1031	0.0	0.0
1032	0.0	0.0
1033	0.0	0.0
1034	0.0	0.0
1035	0.0	0.0
1036	0.0	0.0
1037	0.0	0.0
1038	0.0	0.0
1039	0.0	0.0
1040	0.0	0.0
1041	0.0	0.0
1042	0.0	0.0
1043	0.0	0.0
1044	0.0	0.0
1045	0.0	0.0
1046	0.0	0.0
1047	0.0	0.0
1048	0.0	0.0
1049	0.0	0.0
1050	0.0	0.0
1051	0.0	0.0
1052	0.0	0.0
1053	0.0	0.0
1054	0.0	0.0
1055	0.0	0.0
1056	0.0	0.0
1057	0.0	0.0
1058	0.0	0.0
1059	0.0	0.0
1060	0.0	0.0
1061	0.0	0.0
1062	0.0	0.0
1063	0.0	0.0
1064	0.0	0.0
1065	0.0	0.0
1066	0.0	0.0
1067	0.0	0.0
1068	0.0	0.0
1069	0.0	0.0
1070	0.0	0.0
1071	0.0	0.0
1072	0.0	0.0
1073	0.0	0.0
1074	0.0	0.0
1075	0.0	0.0
1076	0.0	0.0
1077	0.0	0.0
1078	0.0	8.26999892490014e-06
1079	0.0	0.0
1080	0.0	0.0
1081	0.0	0.0
1082	0.0	0.0
1083	0.0	0.0
1084	0.0	0.0
1085	0.0	0.0
1086	0.0	0.0
1087	0.0	0.0
1088	0.0	0.0
1089	0.0	0.0
1090	0.0	0.0
1091	0.0	0.0
1092	0.0	0.0
1093	0.0	0.0
1094	0.0	0.0
1095	0.0	0.0
1096	0.0	0.0
1097	0.0	0.0
1098	0.0	0.0
1099	0.0	0.0
1100	0.0	0.0
1101	0.0	0.0
1102	0.0	0.0
1103	0.0	0.0
1104	0.0	0.0
1105	0.0	0.0
1106	0.0	0.0
1107	0.0	0.0
1108	0.0	0.0
1109	0.0	0.0
1110	0.0	0.0
1111	0.0	0.0
1112	0.0	0.0
1113	0.0	0.0
1114	0.0	0.0
1115	0.0	0.0
1116	0.0	0.0
1117	0.0	0.0
1118	0.0	0.0
1119	0.0	0.0
1120	0.0	0.0
1121	0.0	0.0
1122	0.0	0.0
1123	0.0	0.0
1124	0.0	0.0
1125	0.0	0.0
1126	0.0	0.0
1127	0.0	0.0
1128	0.0	0.0
1129	0.0	0.0
1130	0.0	0.0
1131	0.0	0.0
1132	0.0	0.0
1133	0.0	0.0
1134	0.0	0.0
1135	0.0	0.0
1136	0.0	0.0
1137	0.0	0.0
1138	0.0	0.0
1139	0.0	0.0
1140	0.0	0.0
1141	0.0	0.0
1142	0.0	0.0
1143	0.0	0.0
1144	0.0	0.0
1145	0.0	0.0
1146	0.0	0.0
1147	0.0	0.0
1148	0.0	0.0
1149	0.0	0.0
1150	0.0	0.0
1151	0.0	0.0
1152	0.0	0.0
1153	0.0	8.26999892490014e-06
1154	0.0	0.0
1155	0.0	0.0
1156	0.0	0.0
1157	0.0	0.0
1158	0.0	0.0
1159	0.0	0.0
1160	0.0	0.0
1161	0.0	0.0
1162	0.0	0.0
1163	0.0	0.0
1164	0.0	0.0
1165	0.0	0.0
1166	0.0	0.0
1167	0.0	0.0
1168	0.0	0.0
1169	0.0	0.0
1170	0.0	0.0
1171	0.0	0.0
1172	0.0	0.0
1173	0.0	0.00010750998602370182
