# Cycle: 9968, status: ACC, move: ('wf', 9000, 2, 16)
#     Time      Potential        Kinetic
         0   -8237.995900      90.436592            nan            nan
         1   -8236.012800      88.487872            nan            nan
         2   -8233.698300      86.212697            nan            nan
         3   -8231.568000      84.126193            nan            nan
         4   -8230.160500      82.750030            nan            nan
         5   -8229.852100      82.458536            nan            nan
         6   -8230.730400      83.324086            nan            nan
         7   -8232.476000      85.035123            nan            nan
         8   -8234.496600      87.023928            nan            nan
         9   -8236.195700      88.703678            nan            nan
        10   -8237.145100      89.646815            nan            nan
        11   -8237.159400      89.675453            nan            nan
        12   -8236.317900      88.845227            nan            nan
        13   -8234.869300      87.423122            nan            nan
        14   -8233.301100      85.886975            nan            nan
        15   -8232.124800      84.708902            nan            nan
