# Cycle: 9968, status: ACC, move: ('wf', 9000, 2, 16)
#     Time       Orderp
         0     1.061825     0.000000    -1.000000    -1.000000    -1.000000
         1     1.073103     0.000000    -1.000000    -1.000000    -1.000000
         2     1.080290     0.000000    -1.000000    -1.000000    -1.000000
         3     1.082987     0.000000    -1.000000    -1.000000    -1.000000
         4     1.085486     0.000000    -1.000000    -1.000000    -1.000000
         5     1.102354     0.000000    -1.000000    -1.000000    -1.000000
         6     1.113918     0.000000    -1.000000    -1.000000    -1.000000
         7     1.119628     0.000000    -1.000000    -1.000000    -1.000000
         8     1.119299     0.000000    -1.000000    -1.000000    -1.000000
         9     1.113031     0.000000    -1.000000    -1.000000    -1.000000
        10     1.101264     0.000000    -1.000000    -1.000000    -1.000000
        11     1.086843     0.000000    -1.000000    -1.000000    -1.000000
        12     1.077711     0.000000    -1.000000    -1.000000    -1.000000
        13     1.075454     0.000000    -1.000000    -1.000000    -1.000000
        14     1.073283     0.000000    -1.000000    -1.000000    -1.000000
        15     1.067036     0.000000    -1.000000    -1.000000    -1.000000
