# Cycle: 1, status: ACC, move: ('st_s-', -0.100144, 844, 845, 'LMR', (1, 843))
#     Time      Potential        Kinetic
         0            nan            nan            nan            nan
         1       0.000000       0.976530            nan            nan
         2       0.000000       0.893055            nan            nan
         3       0.000000       0.983863            nan            nan
         4       0.000000       0.919927            nan            nan
         5       0.000000       0.894658            nan            nan
         6       0.000000       0.963740            nan            nan
         7       0.000000       0.936085            nan            nan
         8       0.000000       0.884994            nan            nan
         9       0.000000       0.809212            nan            nan
        10       0.000000       0.790452            nan            nan
        11       0.000000       0.838351            nan            nan
        12       0.000000       0.872375            nan            nan
        13       0.000000       0.918414            nan            nan
        14       0.000000       0.832672            nan            nan
        15       0.000000       0.849209            nan            nan
        16       0.000000       0.810226            nan            nan
        17       0.000000       0.862319            nan            nan
        18       0.000000       0.895494            nan            nan
        19       0.000000       0.889235            nan            nan
        20       0.000000       0.917392            nan            nan
        21       0.000000       1.013606            nan            nan
        22       0.000000       0.972111            nan            nan
        23       0.000000       0.815536            nan            nan
        24       0.000000       0.800371            nan            nan
        25       0.000000       0.746959            nan            nan
        26       0.000000       0.818173            nan            nan
        27       0.000000       0.735921            nan            nan
        28       0.000000       0.708158            nan            nan
        29       0.000000       0.718147            nan            nan
        30       0.000000       0.735017            nan            nan
        31       0.000000       0.755790            nan            nan
        32       0.000000       0.753924            nan            nan
        33       0.000000       0.755929            nan            nan
        34       0.000000       0.676078            nan            nan
        35       0.000000       0.761273            nan            nan
        36       0.000000       0.723004            nan            nan
        37       0.000000       0.784456            nan            nan
        38       0.000000       0.900965            nan            nan
        39       0.000000       0.881626            nan            nan
        40       0.000000       0.892231            nan            nan
        41       0.000000       0.907441            nan            nan
        42       0.000000       0.965591            nan            nan
        43       0.000000       0.970459            nan            nan
        44       0.000000       0.962298            nan            nan
        45       0.000000       1.007903            nan            nan
        46       0.000000       1.071814            nan            nan
        47       0.000000       1.039702            nan            nan
        48       0.000000       0.941582            nan            nan
        49       0.000000       0.919081            nan            nan
        50       0.000000       0.973756            nan            nan
        51       0.000000       1.002982            nan            nan
        52       0.000000       1.031035            nan            nan
        53       0.000000       0.967109            nan            nan
        54       0.000000       0.966461            nan            nan
        55       0.000000       1.012404            nan            nan
        56       0.000000       1.110690            nan            nan
        57       0.000000       1.149182            nan            nan
        58       0.000000       1.206357            nan            nan
        59       0.000000       1.301144            nan            nan
        60       0.000000       1.284606            nan            nan
        61       0.000000       1.440092            nan            nan
        62       0.000000       1.360921            nan            nan
        63       0.000000       1.351166            nan            nan
        64       0.000000       1.315540            nan            nan
        65       0.000000       1.300676            nan            nan
        66       0.000000       1.303818            nan            nan
        67       0.000000       1.291648            nan            nan
        68       0.000000       1.383447            nan            nan
        69       0.000000       1.468997            nan            nan
        70       0.000000       1.496075            nan            nan
        71       0.000000       1.473608            nan            nan
        72       0.000000       1.424639            nan            nan
        73       0.000000       1.483048            nan            nan
        74       0.000000       1.554952            nan            nan
        75       0.000000       1.702490            nan            nan
        76       0.000000       1.791570            nan            nan
        77       0.000000       1.770101            nan            nan
        78       0.000000       1.820373            nan            nan
        79       0.000000       1.820858            nan            nan
        80       0.000000       1.870059            nan            nan
        81       0.000000       2.031853            nan            nan
        82       0.000000       2.230346            nan            nan
        83       0.000000       2.300642            nan            nan
        84       0.000000       2.539775            nan            nan
        85       0.000000       2.479411            nan            nan
        86       0.000000       2.338167            nan            nan
        87       0.000000       2.386043            nan            nan
        88       0.000000       2.450784            nan            nan
        89       0.000000       2.472765            nan            nan
        90       0.000000       2.500638            nan            nan
        91       0.000000       2.595428            nan            nan
        92       0.000000       2.610953            nan            nan
        93       0.000000       2.577570            nan            nan
        94       0.000000       2.625998            nan            nan
        95       0.000000       2.669813            nan            nan
        96       0.000000       2.747880            nan            nan
        97       0.000000       2.621378            nan            nan
        98       0.000000       2.550186            nan            nan
        99       0.000000       2.575256            nan            nan
       100       0.000000       2.794847            nan            nan
       101       0.000000       2.660587            nan            nan
       102       0.000000       2.690090            nan            nan
       103       0.000000       2.719495            nan            nan
       104       0.000000       2.585923            nan            nan
       105       0.000000       2.426340            nan            nan
       106       0.000000       2.479319            nan            nan
       107       0.000000       2.384025            nan            nan
       108       0.000000       2.419629            nan            nan
       109       0.000000       2.427737            nan            nan
       110       0.000000       2.476268            nan            nan
       111       0.000000       2.562153            nan            nan
       112       0.000000       2.639992            nan            nan
       113       0.000000       2.670107            nan            nan
       114       0.000000       2.766317            nan            nan
       115       0.000000       2.936675            nan            nan
       116       0.000000       2.936185            nan            nan
       117       0.000000       2.832919            nan            nan
       118       0.000000       2.883861            nan            nan
       119       0.000000       3.026844            nan            nan
       120       0.000000       2.969558            nan            nan
       121       0.000000       2.994263            nan            nan
       122       0.000000       3.169770            nan            nan
       123       0.000000       3.334328            nan            nan
       124       0.000000       3.418541            nan            nan
       125       0.000000       3.191166            nan            nan
       126       0.000000       3.311544            nan            nan
       127       0.000000       3.540814            nan            nan
       128       0.000000       3.465709            nan            nan
       129       0.000000       3.666224            nan            nan
       130       0.000000       3.440358            nan            nan
       131       0.000000       3.511622            nan            nan
       132       0.000000       3.341901            nan            nan
       133       0.000000       3.345471            nan            nan
       134       0.000000       3.213076            nan            nan
       135       0.000000       3.461049            nan            nan
       136       0.000000       3.659122            nan            nan
       137       0.000000       3.519841            nan            nan
       138       0.000000       3.524009            nan            nan
       139       0.000000       3.572084            nan            nan
       140       0.000000       3.446246            nan            nan
       141       0.000000       3.364174            nan            nan
       142       0.000000       3.386691            nan            nan
       143       0.000000       3.281534            nan            nan
       144       0.000000       3.353479            nan            nan
       145       0.000000       3.274981            nan            nan
       146       0.000000       3.329217            nan            nan
       147       0.000000       3.095370            nan            nan
       148       0.000000       3.145947            nan            nan
       149       0.000000       3.289439            nan            nan
       150       0.000000       3.360882            nan            nan
       151       0.000000       3.310746            nan            nan
       152       0.000000       3.328872            nan            nan
       153       0.000000       3.281479            nan            nan
       154       0.000000       3.124618            nan            nan
       155       0.000000       3.318915            nan            nan
       156       0.000000       3.289378            nan            nan
       157       0.000000       3.298833            nan            nan
       158       0.000000       3.457610            nan            nan
       159       0.000000       3.641005            nan            nan
       160       0.000000       3.712740            nan            nan
       161       0.000000       3.768748            nan            nan
       162       0.000000       3.739641            nan            nan
       163       0.000000       3.901203            nan            nan
       164       0.000000       3.781237            nan            nan
       165       0.000000       3.616624            nan            nan
       166       0.000000       3.745414            nan            nan
       167       0.000000       3.707794            nan            nan
       168       0.000000       3.726243            nan            nan
       169       0.000000       3.763056            nan            nan
       170       0.000000       3.596240            nan            nan
       171       0.000000       3.598229            nan            nan
       172       0.000000       3.475941            nan            nan
       173       0.000000       3.462108            nan            nan
       174       0.000000       3.577518            nan            nan
       175       0.000000       3.523740            nan            nan
       176       0.000000       3.552452            nan            nan
       177       0.000000       3.500323            nan            nan
       178       0.000000       3.554280            nan            nan
       179       0.000000       3.624659            nan            nan
       180       0.000000       3.424893            nan            nan
       181       0.000000       3.370316            nan            nan
       182       0.000000       3.475802            nan            nan
       183       0.000000       3.573346            nan            nan
       184       0.000000       3.506618            nan            nan
       185       0.000000       3.417979            nan            nan
       186       0.000000       3.683907            nan            nan
       187       0.000000       3.543202            nan            nan
       188       0.000000       3.604702            nan            nan
       189       0.000000       3.831971            nan            nan
       190       0.000000       3.922498            nan            nan
       191       0.000000       3.802949            nan            nan
       192       0.000000       3.727560            nan            nan
       193       0.000000       3.680606            nan            nan
       194       0.000000       3.831418            nan            nan
       195       0.000000       3.936973            nan            nan
       196       0.000000       3.991679            nan            nan
       197       0.000000       3.724718            nan            nan
       198       0.000000       3.712139            nan            nan
       199       0.000000       3.613885            nan            nan
       200       0.000000       3.808985            nan            nan
       201       0.000000       3.727033            nan            nan
       202       0.000000       3.622886            nan            nan
       203       0.000000       3.679283            nan            nan
       204       0.000000       3.856573            nan            nan
       205       0.000000       4.212077            nan            nan
       206       0.000000       4.331675            nan            nan
       207       0.000000       4.405606            nan            nan
       208       0.000000       4.478719            nan            nan
       209       0.000000       4.588326            nan            nan
       210       0.000000       4.457525            nan            nan
       211       0.000000       4.357850            nan            nan
       212       0.000000       4.377108            nan            nan
       213       0.000000       4.472148            nan            nan
       214       0.000000       4.433575            nan            nan
       215       0.000000       4.226001            nan            nan
       216       0.000000       4.345550            nan            nan
       217       0.000000       4.589605            nan            nan
       218       0.000000       4.372027            nan            nan
       219       0.000000       4.353033            nan            nan
       220       0.000000       4.370091            nan            nan
       221       0.000000       4.610751            nan            nan
       222       0.000000       4.793600            nan            nan
       223       0.000000       5.027397            nan            nan
       224       0.000000       5.107474            nan            nan
       225       0.000000       5.104930            nan            nan
       226       0.000000       4.899656            nan            nan
       227       0.000000       4.929258            nan            nan
       228       0.000000       4.933809            nan            nan
       229       0.000000       4.921147            nan            nan
       230       0.000000       4.819047            nan            nan
       231       0.000000       4.661310            nan            nan
       232       0.000000       4.844415            nan            nan
       233       0.000000       4.904236            nan            nan
       234       0.000000       4.766509            nan            nan
       235       0.000000       4.737617            nan            nan
       236       0.000000       4.677032            nan            nan
       237       0.000000       4.480808            nan            nan
       238       0.000000       4.236923            nan            nan
       239       0.000000       3.966836            nan            nan
       240       0.000000       3.835580            nan            nan
       241       0.000000       3.794187            nan            nan
       242       0.000000       3.769062            nan            nan
       243       0.000000       3.821559            nan            nan
       244       0.000000       3.731840            nan            nan
       245       0.000000       3.815400            nan            nan
       246       0.000000       3.871457            nan            nan
       247       0.000000       3.888607            nan            nan
       248       0.000000       3.709782            nan            nan
       249       0.000000       3.769738            nan            nan
       250       0.000000       3.530660            nan            nan
       251       0.000000       3.426552            nan            nan
       252       0.000000       3.416925            nan            nan
       253       0.000000       3.311909            nan            nan
       254       0.000000       3.407026            nan            nan
       255       0.000000       3.322477            nan            nan
       256       0.000000       3.461983            nan            nan
       257       0.000000       3.343074            nan            nan
       258       0.000000       3.268044            nan            nan
       259       0.000000       3.254648            nan            nan
       260       0.000000       3.153022            nan            nan
       261       0.000000       3.023882            nan            nan
       262       0.000000       2.870291            nan            nan
       263       0.000000       2.831534            nan            nan
       264       0.000000       2.638652            nan            nan
       265       0.000000       2.527394            nan            nan
       266       0.000000       2.316507            nan            nan
       267       0.000000       2.236932            nan            nan
       268       0.000000       2.206523            nan            nan
       269       0.000000       2.073450            nan            nan
       270       0.000000       2.051856            nan            nan
       271       0.000000       2.139473            nan            nan
       272       0.000000       2.075497            nan            nan
       273       0.000000       2.151238            nan            nan
       274       0.000000       2.245819            nan            nan
       275       0.000000       2.182310            nan            nan
       276       0.000000       2.144103            nan            nan
       277       0.000000       2.239842            nan            nan
       278       0.000000       2.430236            nan            nan
       279       0.000000       2.458762            nan            nan
       280       0.000000       2.573158            nan            nan
       281       0.000000       2.596919            nan            nan
       282       0.000000       2.603372            nan            nan
       283       0.000000       2.623802            nan            nan
       284       0.000000       2.747403            nan            nan
       285       0.000000       2.692966            nan            nan
       286       0.000000       2.941845            nan            nan
       287       0.000000       2.892860            nan            nan
       288       0.000000       2.815526            nan            nan
       289       0.000000       2.867867            nan            nan
       290       0.000000       2.969579            nan            nan
       291       0.000000       3.064529            nan            nan
       292       0.000000       3.272481            nan            nan
       293       0.000000       3.166127            nan            nan
       294       0.000000       3.095656            nan            nan
       295       0.000000       3.154598            nan            nan
       296       0.000000       3.217681            nan            nan
       297       0.000000       3.079632            nan            nan
       298       0.000000       3.221558            nan            nan
       299       0.000000       3.103246            nan            nan
       300       0.000000       2.904635            nan            nan
       301       0.000000       2.878058            nan            nan
       302       0.000000       2.981993            nan            nan
       303       0.000000       2.994616            nan            nan
       304       0.000000       3.182121            nan            nan
       305       0.000000       3.196710            nan            nan
       306       0.000000       3.235471            nan            nan
       307       0.000000       3.117496            nan            nan
       308       0.000000       3.129600            nan            nan
       309       0.000000       2.995688            nan            nan
       310       0.000000       3.048125            nan            nan
       311       0.000000       3.050102            nan            nan
       312       0.000000       2.962010            nan            nan
       313       0.000000       2.934804            nan            nan
       314       0.000000       2.920238            nan            nan
       315       0.000000       3.289396            nan            nan
       316       0.000000       3.200061            nan            nan
       317       0.000000       3.102420            nan            nan
       318       0.000000       3.206243            nan            nan
       319       0.000000       3.198801            nan            nan
       320       0.000000       3.306775            nan            nan
       321       0.000000       3.300978            nan            nan
       322       0.000000       3.102321            nan            nan
       323       0.000000       3.207843            nan            nan
       324       0.000000       3.455950            nan            nan
       325       0.000000       3.532817            nan            nan
       326       0.000000       3.834937            nan            nan
       327       0.000000       3.985111            nan            nan
       328       0.000000       3.956065            nan            nan
       329       0.000000       3.854323            nan            nan
       330       0.000000       3.904196            nan            nan
       331       0.000000       3.999125            nan            nan
       332       0.000000       4.111532            nan            nan
       333       0.000000       4.237832            nan            nan
       334       0.000000       4.457813            nan            nan
       335       0.000000       4.479128            nan            nan
       336       0.000000       4.548774            nan            nan
       337       0.000000       4.820008            nan            nan
       338       0.000000       4.616238            nan            nan
       339       0.000000       4.681741            nan            nan
       340       0.000000       4.591059            nan            nan
       341       0.000000       4.609365            nan            nan
       342       0.000000       4.614095            nan            nan
       343       0.000000       4.521281            nan            nan
       344       0.000000       4.334197            nan            nan
       345       0.000000       4.179423            nan            nan
       346       0.000000       4.296075            nan            nan
       347       0.000000       4.232045            nan            nan
       348       0.000000       4.116897            nan            nan
       349       0.000000       4.198092            nan            nan
       350       0.000000       4.109248            nan            nan
       351       0.000000       4.188928            nan            nan
       352       0.000000       4.224928            nan            nan
       353       0.000000       4.108540            nan            nan
       354       0.000000       4.021797            nan            nan
       355       0.000000       3.732389            nan            nan
       356       0.000000       3.773603            nan            nan
       357       0.000000       3.725165            nan            nan
       358       0.000000       3.523472            nan            nan
       359       0.000000       3.662357            nan            nan
       360       0.000000       3.943609            nan            nan
       361       0.000000       3.793957            nan            nan
       362       0.000000       3.701315            nan            nan
       363       0.000000       3.680915            nan            nan
       364       0.000000       3.730776            nan            nan
       365       0.000000       3.898504            nan            nan
       366       0.000000       3.960908            nan            nan
       367       0.000000       3.993970            nan            nan
       368       0.000000       4.082486            nan            nan
       369       0.000000       3.975727            nan            nan
       370       0.000000       3.923610            nan            nan
       371       0.000000       3.923799            nan            nan
       372       0.000000       4.010295            nan            nan
       373       0.000000       3.961632            nan            nan
       374       0.000000       4.224795            nan            nan
       375       0.000000       4.319388            nan            nan
       376       0.000000       4.494033            nan            nan
       377       0.000000       4.618567            nan            nan
       378       0.000000       4.870326            nan            nan
       379       0.000000       5.104078            nan            nan
       380       0.000000       5.302387            nan            nan
       381       0.000000       5.359254            nan            nan
       382       0.000000       5.335825            nan            nan
       383       0.000000       5.436572            nan            nan
       384       0.000000       5.308096            nan            nan
       385       0.000000       5.272124            nan            nan
       386       0.000000       5.260649            nan            nan
       387       0.000000       5.468786            nan            nan
       388       0.000000       5.575860            nan            nan
       389       0.000000       5.792899            nan            nan
       390       0.000000       5.904189            nan            nan
       391       0.000000       5.830203            nan            nan
       392       0.000000       5.970605            nan            nan
       393       0.000000       5.899780            nan            nan
       394       0.000000       5.670689            nan            nan
       395       0.000000       5.762472            nan            nan
       396       0.000000       5.799788            nan            nan
       397       0.000000       5.737235            nan            nan
       398       0.000000       5.918570            nan            nan
       399       0.000000       5.943655            nan            nan
       400       0.000000       6.097294            nan            nan
       401       0.000000       6.131351            nan            nan
       402       0.000000       6.238806            nan            nan
       403       0.000000       6.214212            nan            nan
       404       0.000000       6.164785            nan            nan
       405       0.000000       5.957347            nan            nan
       406       0.000000       5.746091            nan            nan
       407       0.000000       5.804601            nan            nan
       408       0.000000       5.609469            nan            nan
       409       0.000000       5.627020            nan            nan
       410       0.000000       5.501194            nan            nan
       411       0.000000       5.630431            nan            nan
       412       0.000000       5.421958            nan            nan
       413       0.000000       5.356346            nan            nan
       414       0.000000       5.302071            nan            nan
       415       0.000000       5.357741            nan            nan
       416       0.000000       5.390622            nan            nan
       417       0.000000       5.341594            nan            nan
       418       0.000000       5.442886            nan            nan
       419       0.000000       5.279371            nan            nan
       420       0.000000       5.235769            nan            nan
       421       0.000000       5.326133            nan            nan
       422       0.000000       5.445942            nan            nan
       423       0.000000       5.453758            nan            nan
       424       0.000000       5.340506            nan            nan
       425       0.000000       5.240218            nan            nan
       426       0.000000       5.154595            nan            nan
       427       0.000000       5.086863            nan            nan
       428       0.000000       4.988046            nan            nan
       429       0.000000       4.937646            nan            nan
       430       0.000000       4.894670            nan            nan
       431       0.000000       5.355332            nan            nan
       432       0.000000       5.398224            nan            nan
       433       0.000000       5.457135            nan            nan
       434       0.000000       5.502106            nan            nan
       435       0.000000       5.509456            nan            nan
       436       0.000000       5.414890            nan            nan
       437       0.000000       5.275161            nan            nan
       438       0.000000       5.569167            nan            nan
       439       0.000000       5.633608            nan            nan
       440       0.000000       5.432224            nan            nan
       441       0.000000       5.599431            nan            nan
       442       0.000000       5.505589            nan            nan
       443       0.000000       5.461268            nan            nan
       444       0.000000       5.519231            nan            nan
       445       0.000000       5.587960            nan            nan
       446       0.000000       5.558073            nan            nan
       447       0.000000       5.583424            nan            nan
       448       0.000000       5.341604            nan            nan
       449       0.000000       5.262576            nan            nan
       450       0.000000       5.332653            nan            nan
       451       0.000000       5.325831            nan            nan
       452       0.000000       5.410245            nan            nan
       453       0.000000       5.351979            nan            nan
       454       0.000000       5.366042            nan            nan
       455       0.000000       5.142180            nan            nan
       456       0.000000       5.318421            nan            nan
       457       0.000000       5.350984            nan            nan
       458       0.000000       5.151317            nan            nan
       459       0.000000       5.206499            nan            nan
       460       0.000000       5.580331            nan            nan
       461       0.000000       5.944573            nan            nan
       462       0.000000       5.804490            nan            nan
       463       0.000000       5.873306            nan            nan
       464       0.000000       5.989271            nan            nan
       465       0.000000       6.187202            nan            nan
       466       0.000000       6.075800            nan            nan
       467       0.000000       5.736200            nan            nan
       468       0.000000       5.656391            nan            nan
       469       0.000000       5.639755            nan            nan
       470       0.000000       5.517078            nan            nan
       471       0.000000       5.542978            nan            nan
       472       0.000000       5.241603            nan            nan
       473       0.000000       5.055031            nan            nan
       474       0.000000       5.181191            nan            nan
       475       0.000000       5.252879            nan            nan
       476       0.000000       5.113009            nan            nan
       477       0.000000       5.203257            nan            nan
       478       0.000000       5.280449            nan            nan
       479       0.000000       5.360656            nan            nan
       480       0.000000       5.136764            nan            nan
       481       0.000000       5.294091            nan            nan
       482       0.000000       5.479882            nan            nan
       483       0.000000       5.583224            nan            nan
       484       0.000000       5.257840            nan            nan
       485       0.000000       5.311786            nan            nan
       486       0.000000       5.242791            nan            nan
       487       0.000000       5.296981            nan            nan
       488       0.000000       5.417835            nan            nan
       489       0.000000       5.398854            nan            nan
       490       0.000000       5.279837            nan            nan
       491       0.000000       5.453030            nan            nan
       492       0.000000       5.514731            nan            nan
       493       0.000000       5.442472            nan            nan
       494       0.000000       5.230178            nan            nan
       495       0.000000       5.272547            nan            nan
       496       0.000000       5.179621            nan            nan
       497       0.000000       5.257635            nan            nan
       498       0.000000       5.079131            nan            nan
       499       0.000000       5.078075            nan            nan
       500       0.000000       4.891838            nan            nan
       501       0.000000       5.016400            nan            nan
       502       0.000000       5.091871            nan            nan
       503       0.000000       5.330618            nan            nan
       504       0.000000       5.315263            nan            nan
       505       0.000000       5.079559            nan            nan
       506       0.000000       5.112356            nan            nan
       507       0.000000       5.306225            nan            nan
       508       0.000000       4.936368            nan            nan
       509       0.000000       4.999345            nan            nan
       510       0.000000       4.974287            nan            nan
       511       0.000000       4.836705            nan            nan
       512       0.000000       4.506111            nan            nan
       513       0.000000       4.434936            nan            nan
       514       0.000000       4.585985            nan            nan
       515       0.000000       4.568840            nan            nan
       516       0.000000       4.581218            nan            nan
       517       0.000000       4.409162            nan            nan
       518       0.000000       4.575069            nan            nan
       519       0.000000       4.425037            nan            nan
       520       0.000000       4.266771            nan            nan
       521       0.000000       4.333721            nan            nan
       522       0.000000       4.100255            nan            nan
       523       0.000000       4.291487            nan            nan
       524       0.000000       4.121978            nan            nan
       525       0.000000       4.077809            nan            nan
       526       0.000000       4.104918            nan            nan
       527       0.000000       4.101562            nan            nan
       528       0.000000       4.149629            nan            nan
       529       0.000000       3.947536            nan            nan
       530       0.000000       3.982398            nan            nan
       531       0.000000       3.812227            nan            nan
       532       0.000000       3.874984            nan            nan
       533       0.000000       4.025305            nan            nan
       534       0.000000       4.069956            nan            nan
       535       0.000000       4.099772            nan            nan
       536       0.000000       4.159584            nan            nan
       537       0.000000       4.434680            nan            nan
       538       0.000000       4.561090            nan            nan
       539       0.000000       4.540879            nan            nan
       540       0.000000       4.520694            nan            nan
       541       0.000000       4.256290            nan            nan
       542       0.000000       4.306741            nan            nan
       543       0.000000       4.324322            nan            nan
       544       0.000000       4.227407            nan            nan
       545       0.000000       4.010916            nan            nan
       546       0.000000       3.942591            nan            nan
       547       0.000000       3.952118            nan            nan
       548       0.000000       3.725482            nan            nan
       549       0.000000       3.807099            nan            nan
       550       0.000000       3.966645            nan            nan
       551       0.000000       3.741948            nan            nan
       552       0.000000       3.834538            nan            nan
       553       0.000000       3.867696            nan            nan
       554       0.000000       3.905172            nan            nan
       555       0.000000       3.872166            nan            nan
       556       0.000000       3.848105            nan            nan
       557       0.000000       3.549928            nan            nan
       558       0.000000       3.518712            nan            nan
       559       0.000000       3.506706            nan            nan
       560       0.000000       3.377875            nan            nan
       561       0.000000       3.293917            nan            nan
       562       0.000000       3.532220            nan            nan
       563       0.000000       3.741071            nan            nan
       564       0.000000       3.663484            nan            nan
       565       0.000000       3.692154            nan            nan
       566       0.000000       3.732321            nan            nan
       567       0.000000       3.578883            nan            nan
       568       0.000000       3.564459            nan            nan
       569       0.000000       3.642012            nan            nan
       570       0.000000       3.501659            nan            nan
       571       0.000000       3.525494            nan            nan
       572       0.000000       3.451905            nan            nan
       573       0.000000       3.407828            nan            nan
       574       0.000000       3.423845            nan            nan
       575       0.000000       3.343804            nan            nan
       576       0.000000       3.482347            nan            nan
       577       0.000000       3.455625            nan            nan
       578       0.000000       3.633947            nan            nan
       579       0.000000       3.561607            nan            nan
       580       0.000000       3.330886            nan            nan
       581       0.000000       3.421850            nan            nan
       582       0.000000       3.408237            nan            nan
       583       0.000000       3.345418            nan            nan
       584       0.000000       3.131361            nan            nan
       585       0.000000       3.187508            nan            nan
       586       0.000000       3.201310            nan            nan
       587       0.000000       3.123017            nan            nan
       588       0.000000       2.927168            nan            nan
       589       0.000000       2.942222            nan            nan
       590       0.000000       2.946378            nan            nan
       591       0.000000       2.711026            nan            nan
       592       0.000000       2.730944            nan            nan
       593       0.000000       2.646519            nan            nan
       594       0.000000       2.624194            nan            nan
       595       0.000000       2.567999            nan            nan
       596       0.000000       2.481062            nan            nan
       597       0.000000       2.345923            nan            nan
       598       0.000000       2.354987            nan            nan
       599       0.000000       2.104720            nan            nan
       600       0.000000       2.158462            nan            nan
       601       0.000000       2.167643            nan            nan
       602       0.000000       2.091177            nan            nan
       603       0.000000       2.137229            nan            nan
       604       0.000000       2.113470            nan            nan
       605       0.000000       2.128742            nan            nan
       606       0.000000       2.145378            nan            nan
       607       0.000000       2.122354            nan            nan
       608       0.000000       1.995383            nan            nan
       609       0.000000       1.899684            nan            nan
       610       0.000000       1.871095            nan            nan
       611       0.000000       1.831286            nan            nan
       612       0.000000       1.996669            nan            nan
       613       0.000000       1.877437            nan            nan
       614       0.000000       1.891386            nan            nan
       615       0.000000       1.850968            nan            nan
       616       0.000000       2.000877            nan            nan
       617       0.000000       1.970542            nan            nan
       618       0.000000       2.063299            nan            nan
       619       0.000000       2.018626            nan            nan
       620       0.000000       1.860096            nan            nan
       621       0.000000       1.791641            nan            nan
       622       0.000000       1.784931            nan            nan
       623       0.000000       1.882983            nan            nan
       624       0.000000       1.842517            nan            nan
       625       0.000000       1.859570            nan            nan
       626       0.000000       1.779298            nan            nan
       627       0.000000       1.829688            nan            nan
       628       0.000000       1.708619            nan            nan
       629       0.000000       1.729129            nan            nan
       630       0.000000       1.621869            nan            nan
       631       0.000000       1.702203            nan            nan
       632       0.000000       1.523741            nan            nan
       633       0.000000       1.560174            nan            nan
       634       0.000000       1.365454            nan            nan
       635       0.000000       1.427947            nan            nan
       636       0.000000       1.470830            nan            nan
       637       0.000000       1.583205            nan            nan
       638       0.000000       1.562128            nan            nan
       639       0.000000       1.535740            nan            nan
       640       0.000000       1.458016            nan            nan
       641       0.000000       1.494714            nan            nan
       642       0.000000       1.453888            nan            nan
       643       0.000000       1.483990            nan            nan
       644       0.000000       1.580966            nan            nan
       645       0.000000       1.401633            nan            nan
       646       0.000000       1.474257            nan            nan
       647       0.000000       1.337222            nan            nan
       648       0.000000       1.282313            nan            nan
       649       0.000000       1.201639            nan            nan
       650       0.000000       1.326260            nan            nan
       651       0.000000       1.340334            nan            nan
       652       0.000000       1.366916            nan            nan
       653       0.000000       1.315818            nan            nan
       654       0.000000       1.245931            nan            nan
       655       0.000000       1.149550            nan            nan
       656       0.000000       1.073469            nan            nan
       657       0.000000       1.043447            nan            nan
       658       0.000000       0.975264            nan            nan
       659       0.000000       0.950981            nan            nan
       660       0.000000       0.978815            nan            nan
       661       0.000000       0.959458            nan            nan
       662       0.000000       1.037597            nan            nan
       663       0.000000       1.039607            nan            nan
       664       0.000000       1.056479            nan            nan
       665       0.000000       1.012510            nan            nan
       666       0.000000       1.026365            nan            nan
       667       0.000000       1.027229            nan            nan
       668       0.000000       1.099955            nan            nan
       669       0.000000       1.078703            nan            nan
       670       0.000000       1.220584            nan            nan
       671       0.000000       1.217956            nan            nan
       672       0.000000       1.257325            nan            nan
       673       0.000000       1.142047            nan            nan
       674       0.000000       1.058884            nan            nan
       675       0.000000       0.996953            nan            nan
       676       0.000000       1.064024            nan            nan
       677       0.000000       1.112267            nan            nan
       678       0.000000       1.169441            nan            nan
       679       0.000000       1.119574            nan            nan
       680       0.000000       1.023474            nan            nan
       681       0.000000       0.959803            nan            nan
       682       0.000000       0.921029            nan            nan
       683       0.000000       0.937459            nan            nan
       684       0.000000       0.892371            nan            nan
       685       0.000000       0.866189            nan            nan
       686       0.000000       0.953229            nan            nan
       687       0.000000       1.021672            nan            nan
       688       0.000000       1.083917            nan            nan
       689       0.000000       1.077628            nan            nan
       690       0.000000       1.187953            nan            nan
       691       0.000000       1.080183            nan            nan
       692       0.000000       1.184956            nan            nan
       693       0.000000       1.091670            nan            nan
       694       0.000000       1.013360            nan            nan
       695       0.000000       0.976823            nan            nan
       696       0.000000       0.993838            nan            nan
       697       0.000000       0.994304            nan            nan
       698       0.000000       1.041954            nan            nan
       699       0.000000       0.985241            nan            nan
       700       0.000000       1.018590            nan            nan
       701       0.000000       1.017547            nan            nan
       702       0.000000       1.119138            nan            nan
       703       0.000000       1.128380            nan            nan
       704       0.000000       1.169083            nan            nan
       705       0.000000       1.102669            nan            nan
       706       0.000000       1.186270            nan            nan
       707       0.000000       1.136681            nan            nan
       708       0.000000       1.158515            nan            nan
       709       0.000000       1.194242            nan            nan
       710       0.000000       1.203525            nan            nan
       711       0.000000       1.191600            nan            nan
       712       0.000000       1.212637            nan            nan
       713       0.000000       1.212434            nan            nan
       714       0.000000       1.259350            nan            nan
       715       0.000000       1.327660            nan            nan
       716       0.000000       1.368474            nan            nan
       717       0.000000       1.455645            nan            nan
       718       0.000000       1.436300            nan            nan
       719       0.000000       1.501076            nan            nan
       720       0.000000       1.556837            nan            nan
       721       0.000000       1.463095            nan            nan
       722       0.000000       1.573818            nan            nan
       723       0.000000       1.596978            nan            nan
       724       0.000000       1.665138            nan            nan
       725       0.000000       1.594871            nan            nan
       726       0.000000       1.474364            nan            nan
       727       0.000000       1.543848            nan            nan
       728       0.000000       1.624274            nan            nan
       729       0.000000       1.551919            nan            nan
       730       0.000000       1.635537            nan            nan
       731       0.000000       1.727508            nan            nan
       732       0.000000       1.845165            nan            nan
       733       0.000000       2.003452            nan            nan
       734       0.000000       2.076708            nan            nan
       735       0.000000       2.053458            nan            nan
       736       0.000000       2.018412            nan            nan
       737       0.000000       2.089438            nan            nan
       738       0.000000       1.941919            nan            nan
       739       0.000000       1.855905            nan            nan
       740       0.000000       1.880643            nan            nan
       741       0.000000       2.100583            nan            nan
       742       0.000000       2.065931            nan            nan
       743       0.000000       2.136880            nan            nan
       744       0.000000       2.008450            nan            nan
       745       0.000000       1.976704            nan            nan
       746       0.000000       1.903670            nan            nan
       747       0.000000       1.960890            nan            nan
       748       0.000000       1.813671            nan            nan
       749       0.000000       1.767453            nan            nan
       750       0.000000       1.846450            nan            nan
       751       0.000000       1.883851            nan            nan
       752       0.000000       1.800003            nan            nan
       753       0.000000       1.839048            nan            nan
       754       0.000000       1.728579            nan            nan
       755       0.000000       1.846630            nan            nan
       756       0.000000       1.962004            nan            nan
       757       0.000000       1.948387            nan            nan
       758       0.000000       2.009670            nan            nan
       759       0.000000       1.967836            nan            nan
       760       0.000000       1.891408            nan            nan
       761       0.000000       2.024868            nan            nan
       762       0.000000       1.853277            nan            nan
       763       0.000000       1.915898            nan            nan
       764       0.000000       2.076751            nan            nan
       765       0.000000       1.959293            nan            nan
       766       0.000000       1.924285            nan            nan
       767       0.000000       1.943240            nan            nan
       768       0.000000       1.815696            nan            nan
       769       0.000000       1.801884            nan            nan
       770       0.000000       1.642738            nan            nan
       771       0.000000       1.690111            nan            nan
       772       0.000000       1.655126            nan            nan
       773       0.000000       1.640746            nan            nan
       774       0.000000       1.630250            nan            nan
       775       0.000000       1.575006            nan            nan
       776       0.000000       1.636581            nan            nan
       777       0.000000       1.661148            nan            nan
       778       0.000000       1.710968            nan            nan
       779       0.000000       1.715694            nan            nan
       780       0.000000       1.732250            nan            nan
       781       0.000000       1.697057            nan            nan
       782       0.000000       1.676469            nan            nan
       783       0.000000       1.669678            nan            nan
       784       0.000000       1.623170            nan            nan
       785       0.000000       1.679230            nan            nan
       786       0.000000       1.579378            nan            nan
       787       0.000000       1.586399            nan            nan
       788       0.000000       1.614745            nan            nan
       789       0.000000       1.635914            nan            nan
       790       0.000000       1.686025            nan            nan
       791       0.000000       1.805354            nan            nan
       792       0.000000       1.885671            nan            nan
       793       0.000000       1.870712            nan            nan
       794       0.000000       1.706934            nan            nan
       795       0.000000       1.755558            nan            nan
       796       0.000000       1.838351            nan            nan
       797       0.000000       1.859916            nan            nan
       798       0.000000       1.774100            nan            nan
       799       0.000000       1.640637            nan            nan
       800       0.000000       1.782574            nan            nan
       801       0.000000       1.789130            nan            nan
       802       0.000000       1.827022            nan            nan
       803       0.000000       1.826032            nan            nan
       804       0.000000       1.885827            nan            nan
       805       0.000000       1.894996            nan            nan
       806       0.000000       1.673564            nan            nan
       807       0.000000       1.534628            nan            nan
       808       0.000000       1.594101            nan            nan
       809       0.000000       1.527589            nan            nan
       810       0.000000       1.524690            nan            nan
       811       0.000000       1.599496            nan            nan
       812       0.000000       1.447950            nan            nan
       813       0.000000       1.543937            nan            nan
       814       0.000000       1.434075            nan            nan
       815       0.000000       1.537647            nan            nan
       816       0.000000       1.466191            nan            nan
       817       0.000000       1.396803            nan            nan
       818       0.000000       1.576767            nan            nan
       819       0.000000       1.569326            nan            nan
       820       0.000000       1.586838            nan            nan
       821       0.000000       1.540995            nan            nan
       822       0.000000       1.441086            nan            nan
       823       0.000000       1.406401            nan            nan
       824       0.000000       1.408225            nan            nan
       825       0.000000       1.487090            nan            nan
       826       0.000000       1.578230            nan            nan
       827       0.000000       1.585896            nan            nan
       828       0.000000       1.553226            nan            nan
       829       0.000000       1.549551            nan            nan
       830       0.000000       1.503305            nan            nan
       831       0.000000       1.363657            nan            nan
       832       0.000000       1.416638            nan            nan
       833       0.000000       1.347998            nan            nan
       834       0.000000       1.360765            nan            nan
       835       0.000000       1.243128            nan            nan
       836       0.000000       1.288114            nan            nan
       837       0.000000       1.302805            nan            nan
       838       0.000000       1.214267            nan            nan
       839       0.000000       1.084330            nan            nan
       840       0.000000       1.165106            nan            nan
       841       0.000000       1.156541            nan            nan
       842       0.000000       1.203655            nan            nan
       843       0.000000       1.211683            nan            nan
       844       0.000000       1.177573            nan            nan
