# Cycle: 9912, status: ACC, move: ('wf', 9000, 2, 191)
#     Time      Potential        Kinetic
         0   -8216.451900     110.566280            nan            nan
         1   -8217.255400     111.379580            nan            nan
         2   -8218.115500     112.240030            nan            nan
         3   -8219.012400     113.133570            nan            nan
         4   -8219.740700     113.839260            nan            nan
         5   -8219.890400     113.968330            nan            nan
         6   -8219.019600     113.085250            nan            nan
         7   -8216.833300     110.884040            nan            nan
         8   -8213.321300     107.401170            nan            nan
         9   -8208.909900     103.049220            nan            nan
        10   -8204.282600      98.487742            nan            nan
        11   -8200.188400      94.432112            nan            nan
        12   -8197.160000      91.435983            nan            nan
        13   -8195.563100      89.861082            nan            nan
        14   -8195.536300      89.840035            nan            nan
        15   -8196.903100      91.189353            nan            nan
        16   -8199.194000      93.433944            nan            nan
        17   -8201.712500      95.905249            nan            nan
        18   -8203.788000      97.945126            nan            nan
        19   -8204.996000      99.136933            nan            nan
        20   -8205.299900      99.440181            nan            nan
        21   -8205.008200      99.160940            nan            nan
        22   -8204.609700      98.776310            nan            nan
        23   -8204.510500      98.668192            nan            nan
        24   -8204.802700      98.933334            nan            nan
        25   -8205.268300      99.377751            nan            nan
        26   -8205.606300      99.689046            nan            nan
        27   -8205.526000      99.596333            nan            nan
        28   -8204.898700      98.976955            nan            nan
        29   -8203.850800      97.943919            nan            nan
        30   -8202.668300      96.793533            nan            nan
        31   -8201.717800      95.868079            nan            nan
        32   -8201.228800      95.392989            nan            nan
        33   -8201.281700      95.462994            nan            nan
        34   -8201.920900      96.114854            nan            nan
        35   -8203.138000      97.339456            nan            nan
        36   -8204.871800      99.072199            nan            nan
        37   -8206.957600     101.139990            nan            nan
        38   -8209.116500     103.292630            nan            nan
        39   -8211.083800     105.241130            nan            nan
        40   -8212.540600     106.679260            nan            nan
        41   -8213.219900     107.342930            nan            nan
        42   -8212.967500     107.083100            nan            nan
        43   -8211.811700     105.930050            nan            nan
        44   -8209.979700     104.107590            nan            nan
        45   -8207.847300     101.981310            nan            nan
        46   -8205.814000      99.949332            nan            nan
        47   -8204.226400      98.380110            nan            nan
        48   -8203.413600      97.566135            nan            nan
        49   -8203.518400      97.674043            nan            nan
        50   -8204.515300      98.646429            nan            nan
        51   -8206.005600     100.106320            nan            nan
        52   -8207.430000     101.511160            nan            nan
        53   -8208.302100     102.372820            nan            nan
        54   -8208.302900     102.389030            nan            nan
        55   -8207.405500     101.505420            nan            nan
        56   -8205.756100      99.890556            nan            nan
        57   -8203.681200      97.860441            nan            nan
        58   -8201.572300      95.790556            nan            nan
        59   -8199.760900      94.005698            nan            nan
        60   -8198.431800      92.690237            nan            nan
        61   -8197.609700      91.859479            nan            nan
        62   -8197.151900      91.385049            nan            nan
        63   -8196.837000      91.041614            nan            nan
        64   -8196.446700      90.652266            nan            nan
        65   -8195.946200      90.137301            nan            nan
        66   -8195.359800      89.546275            nan            nan
        67   -8194.888000      89.066100            nan            nan
        68   -8194.763800      88.932346            nan            nan
        69   -8195.196100      89.352753            nan            nan
        70   -8196.263200      90.427855            nan            nan
        71   -8198.047000      92.191119            nan            nan
        72   -8200.421200      94.535072            nan            nan
        73   -8203.041500      97.129092            nan            nan
        74   -8205.451700      99.497928            nan            nan
        75   -8207.047300     101.073810            nan            nan
        76   -8207.386100     101.417630            nan            nan
        77   -8206.353100     100.404740            nan            nan
        78   -8204.173900      98.279756            nan            nan
        79   -8201.419100      95.583513            nan            nan
        80   -8198.746400      92.963931            nan            nan
        81   -8196.713500      90.970117            nan            nan
        82   -8195.675400      89.944756            nan            nan
        83   -8195.723500      89.974950            nan            nan
        84   -8196.754900      90.992142            nan            nan
        85   -8198.623100      92.842342            nan            nan
        86   -8201.089500      95.282937            nan            nan
        87   -8203.863700      98.030439            nan            nan
        88   -8206.634400     100.775400            nan            nan
        89   -8209.054000     103.155700            nan            nan
        90   -8210.712400     104.785230            nan            nan
        91   -8211.338700     105.381520            nan            nan
        92   -8210.867000     104.903300            nan            nan
        93   -8209.548400     103.603760            nan            nan
        94   -8207.878300     101.962050            nan            nan
        95   -8206.412600     100.519660            nan            nan
        96   -8205.598600      99.703702            nan            nan
        97   -8205.534300      99.653716            nan            nan
        98   -8206.148500     100.242200            nan            nan
        99   -8207.114000     101.183840            nan            nan
       100   -8208.066900     102.128820            nan            nan
       101   -8208.729300     102.793050            nan            nan
       102   -8208.975400     103.046510            nan            nan
       103   -8208.836500     102.928810            nan            nan
       104   -8208.471300     102.580620            nan            nan
       105   -8208.086200     102.223930            nan            nan
       106   -8207.955400     102.100350            nan            nan
       107   -8208.205100     102.353200            nan            nan
       108   -8208.789700     102.921920            nan            nan
       109   -8209.441800     103.531390            nan            nan
       110   -8209.717100     103.785310            nan            nan
       111   -8209.299200     103.354570            nan            nan
       112   -8208.098300     102.147020            nan            nan
       113   -8206.300200     100.374600            nan            nan
       114   -8204.364100      98.472547            nan            nan
       115   -8202.827100      96.945035            nan            nan
       116   -8202.049800      96.177831            nan            nan
       117   -8202.210900      96.340485            nan            nan
       118   -8203.297700      97.418481            nan            nan
       119   -8205.090700      99.188277            nan            nan
       120   -8207.119600     101.188510            nan            nan
       121   -8208.799600     102.844830            nan            nan
       122   -8209.628000     103.666340            nan            nan
       123   -8209.349000     103.398360            nan            nan
       124   -8207.995400     102.073910            nan            nan
       125   -8205.900900     100.020130            nan            nan
       126   -8203.590300      97.761019            nan            nan
       127   -8201.628000      95.830585            nan            nan
       128   -8200.366400      94.576295            nan            nan
       129   -8199.838700      94.037317            nan            nan
       130   -8199.786200      93.961774            nan            nan
       131   -8199.794400      93.944944            nan            nan
       132   -8199.489400      93.618297            nan            nan
       133   -8198.683900      92.815881            nan            nan
       134   -8197.497400      91.642248            nan            nan
       135   -8196.241600      90.395188            nan            nan
       136   -8195.257800      89.414739            nan            nan
       137   -8194.778300      88.930004            nan            nan
       138   -8194.902500      89.038971            nan            nan
       139   -8195.649600      89.774163            nan            nan
       140   -8197.008800      91.122243            nan            nan
       141   -8198.913300      93.011876            nan            nan
       142   -8201.186100      95.261437            nan            nan
       143   -8203.487800      97.540433            nan            nan
       144   -8205.379100      99.414547            nan            nan
       145   -8206.454400     100.489560            nan            nan
       146   -8206.513000     100.568100            nan            nan
       147   -8205.644400      99.733195            nan            nan
       148   -8204.143400      98.269206            nan            nan
       149   -8202.346300      96.496384            nan            nan
       150   -8200.473200      94.640206            nan            nan
       151   -8198.625000      92.798021            nan            nan
       152   -8196.828300      91.014051            nan            nan
       153   -8195.198000      89.401860            nan            nan
       154   -8193.975500      88.203566            nan            nan
       155   -8193.502200      87.726294            nan            nan
       156   -8194.012500      88.238956            nan            nan
       157   -8195.625200      89.834774            nan            nan
       158   -8198.127700      92.293593            nan            nan
       159   -8200.999800      95.116574            nan            nan
       160   -8203.571100      97.638669            nan            nan
       161   -8205.186400      99.222957            nan            nan
       162   -8205.419900      99.442579            nan            nan
       163   -8204.114500      98.145011            nan            nan
       164   -8201.448700      95.510942            nan            nan
       165   -8197.958500      92.067334            nan            nan
       166   -8194.425700      88.585938            nan            nan
       167   -8191.649400      85.859902            nan            nan
       168   -8190.280800      84.501187            nan            nan
       169   -8190.528000      84.729626            nan            nan
       170   -8192.121100      86.281604            nan            nan
       171   -8194.449000      88.557449            nan            nan
       172   -8196.746100      90.821587            nan            nan
       173   -8198.404500      92.457091            nan            nan
       174   -8199.118300      93.175342            nan            nan
       175   -8199.006200      93.084055            nan            nan
       176   -8198.509600      92.614650            nan            nan
       177   -8198.214200      92.343869            nan            nan
       178   -8198.624000      92.763231            nan            nan
       179   -8199.932000      94.061789            nan            nan
       180   -8202.041600      96.157096            nan            nan
       181   -8204.706600      98.800530            nan            nan
       182   -8207.561500     101.626870            nan            nan
       183   -8210.240700     104.297700            nan            nan
       184   -8212.563400     106.624420            nan            nan
       185   -8214.489300     108.577030            nan            nan
       186   -8216.167500     110.269220            nan            nan
       187   -8217.820600     111.919180            nan            nan
       188   -8219.570600     113.650780            nan            nan
       189   -8221.333300     115.371260            nan            nan
       190   -8222.721900     116.707710            nan            nan
