-3.987499999999999933e-01
-1.962499999999999800e-01
6.250000000000033307e-03
2.087500000000000466e-01
4.112500000000000600e-01
6.137500000000002398e-01
8.162500000000001421e-01
1.018750000000000044e+00
1.221250000000000169e+00
1.423750000000000293e+00
1.626250000000000417e+00
1.828750000000000098e+00
2.031250000000000000e+00
2.233750000000000124e+00
2.436249999999999805e+00
2.638749999999999929e+00
2.841250000000000053e+00
3.043750000000000178e+00
3.246250000000000302e+00
3.448749999999999982e+00
3.651250000000000551e+00
3.853750000000000231e+00
4.056250000000000355e+00
4.258750000000000924e+00
4.461250000000000604e+00
4.663750000000000284e+00
4.866250000000000853e+00
5.068750000000000533e+00
5.271250000000000213e+00
5.473750000000000782e+00
5.676250000000000462e+00
5.878750000000001030e+00
6.081250000000000711e+00
6.283750000000000391e+00
6.486250000000000959e+00
6.688750000000000639e+00
6.891250000000001208e+00
7.093750000000000888e+00
7.296250000000000568e+00
7.498750000000001137e+00
7.701250000000001705e+00
7.903750000000000497e+00
8.106250000000001066e+00
8.308750000000001634e+00
8.511250000000000426e+00
8.713750000000000995e+00
8.916250000000001563e+00
9.118750000000000355e+00
9.321250000000000924e+00
9.523750000000001492e+00
9.726250000000000284e+00
9.928750000000000853e+00
1.013125000000000142e+01
1.033375000000000021e+01
1.053625000000000078e+01
1.073875000000000135e+01
1.094125000000000014e+01
1.114375000000000071e+01
1.134625000000000128e+01
1.154875000000000185e+01
1.175125000000000064e+01
1.195375000000000121e+01
1.215625000000000178e+01
1.235875000000000057e+01
1.256125000000000114e+01
1.276375000000000171e+01
1.296625000000000050e+01
1.316875000000000107e+01
1.337125000000000163e+01
1.357375000000000043e+01
1.377625000000000099e+01
1.397875000000000156e+01
1.418125000000000213e+01
1.438375000000000092e+01
1.458625000000000149e+01
1.478875000000000206e+01
1.499125000000000085e+01
1.519375000000000142e+01
1.539625000000000199e+01
1.559875000000000078e+01
1.580125000000000313e+01
1.600375000000000014e+01
1.620625000000000071e+01
1.640875000000000128e+01
1.661125000000000185e+01
1.681375000000000242e+01
1.701625000000000298e+01
1.721875000000000000e+01
1.742125000000000057e+01
1.762375000000000114e+01
1.782625000000000171e+01
1.802875000000000227e+01
1.823125000000000284e+01
1.843374999999999986e+01
1.863625000000000043e+01
1.883875000000000099e+01
1.904125000000000156e+01
1.924375000000000213e+01
1.944625000000000270e+01
1.964875000000000327e+01
1.985125000000000028e+01
2.005375000000000085e+01
2.025625000000000142e+01
2.045875000000000199e+01
2.066125000000000256e+01
2.086375000000000313e+01
2.106625000000000014e+01
2.126875000000000071e+01
2.147125000000000128e+01
2.167375000000000185e+01
2.187625000000000242e+01
2.207875000000000298e+01
2.228125000000000000e+01
2.248375000000000057e+01
2.268625000000000114e+01
2.288875000000000171e+01
2.309125000000000227e+01
2.329375000000000284e+01
2.349625000000000341e+01
2.369875000000000043e+01
2.390125000000000099e+01
2.410375000000000156e+01
2.430625000000000213e+01
2.450875000000000270e+01
2.471125000000000327e+01
2.491375000000000028e+01
2.511625000000000085e+01
2.531875000000000142e+01
2.552125000000000199e+01
2.572375000000000256e+01
2.592625000000000313e+01
2.612875000000000369e+01
2.633125000000000071e+01
2.653375000000000128e+01
2.673625000000000185e+01
2.693875000000000242e+01
2.714125000000000298e+01
2.734375000000000355e+01
2.754625000000000057e+01
2.774875000000000114e+01
2.795125000000000171e+01
2.815375000000000227e+01
2.835625000000000284e+01
2.855875000000000341e+01
2.876125000000000398e+01
2.896375000000000099e+01
2.916625000000000156e+01
2.936875000000000213e+01
2.957125000000000270e+01
2.977375000000000327e+01
2.997625000000000384e+01
3.017875000000000085e+01
3.038125000000000142e+01
3.058375000000000199e+01
3.078625000000000256e+01
3.098875000000000313e+01
3.119125000000000369e+01
3.139375000000000071e+01
3.159625000000000128e+01
3.179875000000000540e+01
3.200125000000000597e+01
3.220374999999999943e+01
3.240625000000000000e+01
3.260875000000000057e+01
3.281125000000000114e+01
3.301375000000000171e+01
3.321625000000000227e+01
3.341875000000000284e+01
3.362125000000000341e+01
3.382375000000000398e+01
3.402625000000000455e+01
3.422875000000000512e+01
3.443125000000000568e+01
3.463374999999999915e+01
3.483624999999999972e+01
3.503875000000000028e+01
3.524125000000000085e+01
3.544375000000000142e+01
3.564625000000000199e+01
3.584875000000000256e+01
3.605125000000000313e+01
3.625375000000000369e+01
3.645625000000000426e+01
3.665875000000000483e+01
3.686125000000000540e+01
3.706375000000000597e+01
3.726624999999999943e+01
3.746875000000000000e+01
3.767125000000000057e+01
3.787375000000000114e+01
3.807625000000000171e+01
3.827875000000000227e+01
3.848125000000000284e+01
3.868375000000000341e+01
3.888625000000000398e+01
3.908875000000000455e+01
3.929125000000000512e+01
3.949375000000000568e+01
3.969625000000000625e+01
3.989874999999999972e+01
