8.750000000000000833e-03
2.625000000000000250e-02
4.375000000000000416e-02
6.125000000000000583e-02
7.875000000000001443e-02
9.625000000000000222e-02
1.137500000000000178e-01
1.312500000000000056e-01
1.487500000000000211e-01
1.662500000000000366e-01
1.837500000000000244e-01
2.012500000000000122e-01
2.187500000000000278e-01
2.362500000000000433e-01
2.537500000000000311e-01
2.712499999999999911e-01
2.887500000000000067e-01
3.062500000000000222e-01
3.237500000000000377e-01
3.412499999999999978e-01
3.587500000000000133e-01
3.762500000000000289e-01
3.937499999999999889e-01
4.112500000000000044e-01
4.287500000000000200e-01
4.462500000000000355e-01
4.637500000000000511e-01
4.812500000000000111e-01
4.987500000000000266e-01
5.162500000000000977e-01
5.337500000000000577e-01
5.512500000000001288e-01
5.687500000000000888e-01
5.862500000000000488e-01
6.037500000000001199e-01
6.212500000000000799e-01
6.387500000000001510e-01
6.562500000000001110e-01
6.737500000000000711e-01
6.912500000000001421e-01
7.087500000000001021e-01
7.262500000000000622e-01
7.437500000000001332e-01
7.612500000000000933e-01
7.787500000000000533e-01
7.962500000000001243e-01
8.137500000000000844e-01
8.312500000000001554e-01
8.487500000000001155e-01
8.662500000000000755e-01
8.837500000000001465e-01
9.012500000000001066e-01
9.187500000000001776e-01
9.362500000000001377e-01
9.537500000000000977e-01
9.712500000000001688e-01
9.887500000000001288e-01
1.006250000000000089e+00
1.023750000000000160e+00
1.041250000000000231e+00
1.058750000000000080e+00
1.076250000000000151e+00
1.093750000000000222e+00
1.111250000000000071e+00
1.128750000000000142e+00
1.146250000000000213e+00
1.163750000000000062e+00
1.181250000000000133e+00
1.198750000000000204e+00
1.216250000000000053e+00
1.233750000000000124e+00
1.251250000000000195e+00
1.268750000000000266e+00
1.286250000000000115e+00
1.303750000000000187e+00
1.321250000000000258e+00
1.338750000000000107e+00
1.356250000000000178e+00
1.373750000000000249e+00
1.391250000000000098e+00
1.408750000000000169e+00
1.426250000000000240e+00
1.443750000000000089e+00
1.461250000000000160e+00
1.478750000000000231e+00
1.496250000000000080e+00
1.513750000000000151e+00
1.531250000000000222e+00
1.548750000000000071e+00
1.566250000000000142e+00
1.583750000000000213e+00
1.601250000000000284e+00
1.618750000000000133e+00
1.636250000000000204e+00
1.653750000000000275e+00
1.671250000000000124e+00
1.688750000000000195e+00
1.706250000000000266e+00
1.723750000000000115e+00
1.741250000000000187e+00
1.758750000000000258e+00
1.776250000000000107e+00
1.793750000000000178e+00
1.811250000000000249e+00
1.828750000000000320e+00
1.846250000000000169e+00
1.863750000000000240e+00
1.881250000000000311e+00
1.898750000000000160e+00
1.916250000000000231e+00
1.933750000000000302e+00
1.951250000000000151e+00
1.968750000000000222e+00
1.986250000000000293e+00
2.003750000000000142e+00
2.021250000000000213e+00
2.038750000000000284e+00
2.056250000000000355e+00
2.073750000000000426e+00
2.091250000000000053e+00
2.108750000000000124e+00
2.126250000000000195e+00
2.143750000000000266e+00
2.161250000000000338e+00
2.178750000000000409e+00
2.196250000000000036e+00
2.213750000000000107e+00
2.231250000000000178e+00
2.248750000000000249e+00
2.266250000000000320e+00
2.283750000000000391e+00
2.301250000000000462e+00
2.318750000000000089e+00
2.336250000000000160e+00
2.353750000000000231e+00
2.371250000000000302e+00
2.388750000000000373e+00
2.406250000000000444e+00
2.423750000000000071e+00
2.441250000000000142e+00
2.458750000000000213e+00
2.476250000000000284e+00
2.493750000000000355e+00
2.511250000000000426e+00
2.528750000000000497e+00
2.546250000000000124e+00
2.563750000000000195e+00
2.581250000000000266e+00
2.598750000000000338e+00
2.616250000000000409e+00
2.633750000000000480e+00
2.651250000000000107e+00
2.668750000000000178e+00
2.686250000000000249e+00
2.703750000000000320e+00
2.721250000000000391e+00
2.738750000000000462e+00
2.756250000000000089e+00
2.773750000000000160e+00
2.791250000000000231e+00
2.808750000000000302e+00
2.826250000000000373e+00
2.843750000000000444e+00
2.861250000000000515e+00
2.878750000000000142e+00
2.896250000000000213e+00
2.913750000000000284e+00
2.931250000000000355e+00
2.948750000000000426e+00
2.966250000000000497e+00
2.983750000000000124e+00
3.001250000000000195e+00
3.018750000000000266e+00
3.036250000000000338e+00
3.053750000000000409e+00
3.071250000000000480e+00
3.088750000000000107e+00
3.106250000000000178e+00
3.123750000000000249e+00
3.141250000000000320e+00
3.158750000000000391e+00
3.176250000000000462e+00
3.193750000000000533e+00
3.211250000000000160e+00
3.228750000000000231e+00
3.246250000000000302e+00
3.263750000000000373e+00
3.281250000000000444e+00
3.298750000000000515e+00
3.316250000000000142e+00
3.333750000000000213e+00
3.351250000000000284e+00
3.368750000000000355e+00
3.386250000000000426e+00
3.403750000000000497e+00
3.421250000000000568e+00
3.438750000000000195e+00
3.456250000000000266e+00
3.473750000000000338e+00
3.491250000000000409e+00
