# Cycle: 9976, status: ACC, move: ('wf', 9000, 2, 22)
#     Time       Orderp
         0     1.066446     0.000000    -1.000000    -1.000000    -1.000000
         1     1.117820     0.000000    -1.000000    -1.000000    -1.000000
         2     1.167199     0.000000    -1.000000    -1.000000    -1.000000
         3     1.211710     0.000000    -1.000000    -1.000000    -1.000000
         4     1.250279     0.000000    -1.000000    -1.000000    -1.000000
         5     1.282249     0.000000    -1.000000    -1.000000    -1.000000
         6     1.307470     0.000000    -1.000000    -1.000000    -1.000000
         7     1.326021     1.000000    39.000000    93.000000    65.000000
         8     1.337963     1.000000    39.000000    93.000000    65.000000
         9     1.343403     1.000000    39.000000    93.000000    65.000000
        10     1.342484     1.000000    39.000000    93.000000    65.000000
        11     1.335224     1.000000    39.000000    93.000000    65.000000
        12     1.321851     0.000000    -1.000000    -1.000000    -1.000000
        13     1.302479     0.000000    -1.000000    -1.000000    -1.000000
        14     1.277484     0.000000    -1.000000    -1.000000    -1.000000
        15     1.247509     0.000000    -1.000000    -1.000000    -1.000000
        16     1.213267     0.000000    -1.000000    -1.000000    -1.000000
        17     1.175585     0.000000    -1.000000    -1.000000    -1.000000
        18     1.135520     0.000000    -1.000000    -1.000000    -1.000000
        19     1.102291     0.000000    -1.000000    -1.000000    -1.000000
        20     1.074997     0.000000    -1.000000    -1.000000    -1.000000
        21     1.067478     0.000000    -1.000000    -1.000000    -1.000000
