# Cycle: 51, status: ACC, move: None
#     Time      Potential        Kinetic
         0  -18756.128906    3469.342285            nan            nan
         1  -18740.566406    3449.390625            nan            nan
         2  -18752.003906    3369.833008            nan            nan
         3  -18801.671875    3419.155273            nan            nan
         4  -18840.605469    3340.005371            nan            nan
         5  -18909.339844    3417.139160            nan            nan
         6  -18748.382812    3180.646484            nan            nan
         7  -18806.695312    3242.376465            nan            nan
         8  -18783.125000    3183.853027            nan            nan
         9  -18795.535156    3196.121582            nan            nan
        10  -18800.791016    3133.990723            nan            nan
        11  -18767.058594    3100.907227            nan            nan
        12  -18780.677734    3035.661133            nan            nan
        13  -18834.478516    3091.435547            nan            nan
        14  -18644.417969    2893.552246            nan            nan
        15  -18632.824219    2883.582275            nan            nan
        16  -18594.140625    2722.328857            nan            nan
        17  -18669.076172    2802.797363            nan            nan
        18  -18803.937500    2926.588379            nan            nan
        19  -18886.527344    3011.050049            nan            nan
        20  -19051.523438    3100.287354            nan            nan
        21  -19118.695312    3168.531006            nan            nan
        22  -19165.851562    3157.423340            nan            nan
        23  -19328.765625    3321.425293            nan            nan
        24  -19457.945312    3319.033691            nan            nan
        25  -19409.378906    3269.989746            nan            nan
        26  -19403.751953    3144.992432            nan            nan
        27  -19519.552734    3254.520020            nan            nan
        28  -19479.972656    3212.009033            nan            nan
        29  -19447.953125    3183.431396            nan            nan
        30  -19522.310547    3229.031738            nan            nan
        31  -19564.716797    3281.457031            nan            nan
        32  -19545.728516    3255.160156            nan            nan
        33  -19543.978516    3256.996582            nan            nan
        34  -19766.140625    3339.369385            nan            nan
        35  -19860.121094    3432.825684            nan            nan
        36  -19877.500000    3341.634521            nan            nan
        37  -19814.707031    3277.787598            nan            nan
        38  -19892.718750    3172.232422            nan            nan
        39  -19887.933594    3171.355957            nan            nan
        40  -19806.396484    3029.209473            nan            nan
        41  -19913.472656    3138.279053            nan            nan
        42  -19944.035156    3073.001465            nan            nan
        43  -20042.044922    3172.535889            nan            nan
        44  -20055.720703    3155.927490            nan            nan
        45  -19985.128906    3088.744141            nan            nan
        46  -19944.919922    3052.767822            nan            nan
        47  -19970.609375    3078.283203            nan            nan
        48  -20065.498047    3142.848633            nan            nan
        49  -20045.994141    3129.313965            nan            nan
