0    -0.099924
1    -0.100078
2    -0.100233
3    -0.100396
4    -0.100557
5    -0.100706
6    -0.100848
7    -0.101000
8    -0.101152
9    -0.101302
10    -0.101453
11    -0.101607
12    -0.101769
13    -0.101938
14    -0.102105
15    -0.102271
16    -0.102434
17    -0.102594
18    -0.102757
19    -0.102928
20    -0.103108
21    -0.103289
22    -0.103463
23    -0.103635
24    -0.103813
25    -0.104000
26    -0.104199
27    -0.104397
28    -0.104596
29    -0.104801
30    -0.105016
31    -0.105233
32    -0.105445
33    -0.105662
34    -0.105882
35    -0.106107
36    -0.106326
37    -0.106541
38    -0.106760
39    -0.106981
40    -0.107206
41    -0.107430
42    -0.107652
43    -0.107878
44    -0.108097
45    -0.108319
46    -0.108533
47    -0.108734
48    -0.108920
49    -0.109101
50    -0.109285
51    -0.109456
52    -0.109617
53    -0.109784
54    -0.109957
55    -0.110131
56    -0.110303
57    -0.110472
58    -0.110633
59    -0.110789
60    -0.110944
61    -0.111103
62    -0.111257
63    -0.111411
64    -0.111552
65    -0.111692
66    -0.111832
67    -0.111961
68    -0.112078
69    -0.112193
70    -0.112306
71    -0.112418
72    -0.112534
73    -0.112665
74    -0.112789
75    -0.112917
76    -0.113039
77    -0.113158
78    -0.113283
79    -0.113409
80    -0.113536
81    -0.113665
82    -0.113796
83    -0.113929
84    -0.114070
85    -0.114206
86    -0.114335
87    -0.114460
88    -0.114588
89    -0.114718
90    -0.114846
91    -0.114973
92    -0.115105
93    -0.115237
94    -0.115369
95    -0.115485
96    -0.115604
97    -0.115732
98    -0.115862
99    -0.115984
100    -0.116092
101    -0.116198
102    -0.116295
103    -0.116389
104    -0.116485
105    -0.116577
106    -0.116667
107    -0.116747
108    -0.116815
109    -0.116877
110    -0.116937
111    -0.116995
112    -0.117044
113    -0.117087
114    -0.117144
115    -0.117212
116    -0.117299
117    -0.117388
118    -0.117473
119    -0.117555
120    -0.117627
121    -0.117705
122    -0.117779
123    -0.117845
124    -0.117901
125    -0.117957
126    -0.118020
127    -0.118088
128    -0.118164
129    -0.118242
130    -0.118305
131    -0.118361
132    -0.118418
133    -0.118465
134    -0.118502
135    -0.118544
136    -0.118596
137    -0.118649
138    -0.118700
139    -0.118749
140    -0.118797
141    -0.118845
142    -0.118884
143    -0.118915
144    -0.118958
145    -0.119007
146    -0.119050
147    -0.119091
148    -0.119132
149    -0.119189
150    -0.119264
151    -0.119343
152    -0.119420
153    -0.119486
154    -0.119564
155    -0.119642
156    -0.119715
157    -0.119788
158    -0.119843
159    -0.119884
160    -0.119935
161    -0.119981
162    -0.120032
163    -0.120080
164    -0.120134
165    -0.120193
166    -0.120262
167    -0.120329
168    -0.120387
169    -0.120439
170    -0.120499
171    -0.120570
172    -0.120636
173    -0.120712
174    -0.120792
175    -0.120869
176    -0.120945
177    -0.121012
178    -0.121081
179    -0.121160
180    -0.121233
181    -0.121287
182    -0.121336
183    -0.121395
184    -0.121449
185    -0.121503
186    -0.121564
187    -0.121629
188    -0.121702
189    -0.121779
190    -0.121845
191    -0.121906
192    -0.121974
193    -0.122043
194    -0.122099
195    -0.122151
196    -0.122209
197    -0.122265
198    -0.122317
199    -0.122363
200    -0.122422
201    -0.122491
202    -0.122558
203    -0.122628
204    -0.122692
205    -0.122763
206    -0.122837
207    -0.122918
208    -0.123004
209    -0.123089
210    -0.123167
211    -0.123246
212    -0.123327
213    -0.123421
214    -0.123526
215    -0.123643
216    -0.123767
217    -0.123903
218    -0.124048
219    -0.124175
220    -0.124305
221    -0.124437
222    -0.124567
223    -0.124697
224    -0.124827
225    -0.124967
226    -0.125113
227    -0.125258
228    -0.125410
229    -0.125564
230    -0.125703
231    -0.125834
232    -0.125962
233    -0.126088
234    -0.126220
235    -0.126346
236    -0.126481
237    -0.126617
238    -0.126749
239    -0.126901
240    -0.127055
241    -0.127217
242    -0.127384
243    -0.127544
244    -0.127702
245    -0.127860
246    -0.128025
247    -0.128187
248    -0.128346
249    -0.128506
250    -0.128668
251    -0.128833
252    -0.129006
253    -0.129160
254    -0.129308
255    -0.129453
256    -0.129597
257    -0.129749
258    -0.129892
259    -0.130032
260    -0.130174
261    -0.130323
262    -0.130472
263    -0.130619
264    -0.130763
265    -0.130895
266    -0.131008
267    -0.131122
268    -0.131237
269    -0.131366
270    -0.131498
271    -0.131630
272    -0.131770
273    -0.131921
274    -0.132081
275    -0.132261
276    -0.132445
277    -0.132628
278    -0.132817
279    -0.132990
280    -0.133158
281    -0.133321
282    -0.133482
283    -0.133636
284    -0.133787
285    -0.133923
286    -0.134062
287    -0.134201
288    -0.134331
289    -0.134458
290    -0.134581
291    -0.134718
292    -0.134862
293    -0.135000
294    -0.135124
295    -0.135249
296    -0.135378
297    -0.135502
298    -0.135624
299    -0.135749
300    -0.135866
301    -0.135969
302    -0.136067
303    -0.136165
304    -0.136270
305    -0.136378
306    -0.136492
307    -0.136611
308    -0.136730
309    -0.136847
310    -0.136963
311    -0.137077
312    -0.137188
313    -0.137298
314    -0.137415
315    -0.137530
316    -0.137646
317    -0.137773
318    -0.137904
319    -0.138039
320    -0.138184
321    -0.138347
322    -0.138523
323    -0.138700
324    -0.138882
325    -0.139063
326    -0.139239
327    -0.139406
328    -0.139574
329    -0.139741
330    -0.139911
331    -0.140074
332    -0.140220
333    -0.140367
334    -0.140521
335    -0.140679
336    -0.140837
337    -0.140984
338    -0.141132
339    -0.141285
340    -0.141434
341    -0.141569
342    -0.141690
343    -0.141815
344    -0.141945
345    -0.142067
346    -0.142187
347    -0.142297
348    -0.142395
349    -0.142494
350    -0.142592
351    -0.142689
352    -0.142794
353    -0.142898
354    -0.142998
355    -0.143087
356    -0.143170
357    -0.143252
358    -0.143351
359    -0.143448
360    -0.143542
361    -0.143622
362    -0.143683
363    -0.143737
364    -0.143784
365    -0.143821
366    -0.143859
367    -0.143897
368    -0.143933
369    -0.143977
370    -0.144026
371    -0.144074
372    -0.144128
373    -0.144192
374    -0.144269
375    -0.144350
376    -0.144436
377    -0.144518
378    -0.144596
379    -0.144676
380    -0.144770
381    -0.144877
382    -0.144999
383    -0.145132
384    -0.145273
385    -0.145414
386    -0.145545
387    -0.145685
388    -0.145821
389    -0.145957
390    -0.146095
391    -0.146226
392    -0.146357
393    -0.146489
394    -0.146611
395    -0.146723
396    -0.146843
397    -0.146956
398    -0.147079
399    -0.147208
400    -0.147350
401    -0.147498
402    -0.147645
403    -0.147797
404    -0.147952
405    -0.148104
406    -0.148243
407    -0.148377
408    -0.148514
409    -0.148641
410    -0.148772
411    -0.148907
412    -0.149045
413    -0.149194
414    -0.149341
415    -0.149496
416    -0.149653
417    -0.149818
418    -0.149979
419    -0.150132
420    -0.150280
421    -0.150440
422    -0.150600
423    -0.150759
424    -0.150925
425    -0.151080
426    -0.151224
427    -0.151369
428    -0.151525
429    -0.151677
430    -0.151823
431    -0.151976
432    -0.152133
433    -0.152294
434    -0.152458
435    -0.152622
436    -0.152788
437    -0.152954
438    -0.153109
439    -0.153270
440    -0.153428
441    -0.153585
442    -0.153738
443    -0.153894
444    -0.154066
445    -0.154246
446    -0.154446
447    -0.154651
448    -0.154849
449    -0.155042
450    -0.155252
451    -0.155469
452    -0.155696
453    -0.155915
454    -0.156129
455    -0.156353
456    -0.156579
457    -0.156815
458    -0.157050
459    -0.157280
460    -0.157512
461    -0.157744
462    -0.157979
463    -0.158216
464    -0.158448
465    -0.158689
466    -0.158933
467    -0.159180
468    -0.159430
469    -0.159676
470    -0.159906
471    -0.160134
472    -0.160350
473    -0.160559
474    -0.160767
475    -0.160965
476    -0.161159
477    -0.161361
478    -0.161564
479    -0.161775
480    -0.161976
481    -0.162162
482    -0.162341
483    -0.162519
484    -0.162694
485    -0.162863
486    -0.163038
487    -0.163220
488    -0.163403
489    -0.163588
490    -0.163768
491    -0.163945
492    -0.164122
493    -0.164299
494    -0.164470
495    -0.164638
496    -0.164805
497    -0.164975
498    -0.165151
499    -0.165322
500    -0.165500
501    -0.165676
502    -0.165852
503    -0.166035
504    -0.166218
505    -0.166400
506    -0.166585
507    -0.166770
508    -0.166957
509    -0.167133
510    -0.167307
511    -0.167488
512    -0.167675
513    -0.167862
514    -0.168056
515    -0.168251
516    -0.168448
517    -0.168640
518    -0.168828
519    -0.169020
520    -0.169204
521    -0.169392
522    -0.169580
523    -0.169760
524    -0.169931
525    -0.170106
526    -0.170272
527    -0.170433
528    -0.170600
529    -0.170776
530    -0.170951
531    -0.171123
532    -0.171291
533    -0.171450
534    -0.171596
535    -0.171744
536    -0.171888
537    -0.172029
538    -0.172169
539    -0.172308
540    -0.172448
541    -0.172600
542    -0.172750
543    -0.172901
544    -0.173043
545    -0.173186
546    -0.173318
547    -0.173437
548    -0.173548
549    -0.173655
550    -0.173760
551    -0.173866
552    -0.173972
553    -0.174076
554    -0.174181
555    -0.174286
556    -0.174395
557    -0.174506
558    -0.174623
559    -0.174745
560    -0.174873
561    -0.175004
562    -0.175146
563    -0.175297
564    -0.175456
565    -0.175614
566    -0.175763
567    -0.175918
568    -0.176077
569    -0.176233
570    -0.176389
571    -0.176542
572    -0.176685
573    -0.176822
574    -0.176955
575    -0.177096
576    -0.177240
577    -0.177383
578    -0.177529
579    -0.177667
580    -0.177813
581    -0.177969
582    -0.178131
583    -0.178300
584    -0.178469
585    -0.178640
586    -0.178811
587    -0.178984
588    -0.179155
589    -0.179323
590    -0.179497
591    -0.179684
592    -0.179871
593    -0.180064
594    -0.180271
595    -0.180466
596    -0.180659
597    -0.180844
598    -0.181022
599    -0.181207
600    -0.181402
601    -0.181588
602    -0.181787
603    -0.181992
604    -0.182196
605    -0.182404
606    -0.182615
607    -0.182844
608    -0.183071
609    -0.183296
610    -0.183532
611    -0.183764
612    -0.184002
613    -0.184239
614    -0.184482
615    -0.184731
616    -0.184981
617    -0.185232
618    -0.185481
619    -0.185743
620    -0.186011
621    -0.186282
622    -0.186551
623    -0.186827
624    -0.187107
625    -0.187376
626    -0.187643
627    -0.187914
628    -0.188205
629    -0.188498
630    -0.188794
631    -0.189094
632    -0.189388
633    -0.189682
634    -0.189969
635    -0.190249
636    -0.190527
637    -0.190801
638    -0.191065
639    -0.191321
640    -0.191583
641    -0.191855
642    -0.192132
643    -0.192416
644    -0.192714
645    -0.193003
646    -0.193289
647    -0.193587
648    -0.193874
649    -0.194151
650    -0.194432
651    -0.194710
652    -0.194987
653    -0.195261
654    -0.195521
655    -0.195780
656    -0.196038
657    -0.196294
658    -0.196541
659    -0.196794
660    -0.197063
661    -0.197336
662    -0.197619
663    -0.197909
664    -0.198189
665    -0.198463
666    -0.198728
667    -0.198987
668    -0.199244
669    -0.199514
670    -0.199786
671    -0.200057
672    -0.200319
673    -0.200584
674    -0.200850
675    -0.201109
676    -0.201357
677    -0.201608
678    -0.201864
679    -0.202114
680    -0.202358
681    -0.202598
682    -0.202819
683    -0.203029
684    -0.203243
685    -0.203465
686    -0.203678
687    -0.203886
688    -0.204095
689    -0.204305
690    -0.204505
691    -0.204711
692    -0.204909
693    -0.205111
694    -0.205323
695    -0.205531
696    -0.205736
697    -0.205952
698    -0.206173
699    -0.206402
700    -0.206638
701    -0.206866
702    -0.207077
703    -0.207283
704    -0.207492
705    -0.207695
706    -0.207889
707    -0.208086
708    -0.208285
709    -0.208501
710    -0.208731
711    -0.208974
712    -0.209221
713    -0.209474
714    -0.209728
715    -0.209984
716    -0.210240
717    -0.210490
718    -0.210734
719    -0.210980
720    -0.211224
721    -0.211460
722    -0.211689
723    -0.211911
724    -0.212132
725    -0.212357
726    -0.212568
727    -0.212775
728    -0.212994
729    -0.213217
730    -0.213435
731    -0.213645
732    -0.213860
733    -0.214078
734    -0.214304
735    -0.214528
736    -0.214752
737    -0.214986
738    -0.215223
739    -0.215461
740    -0.215707
741    -0.215958
742    -0.216215
743    -0.216472
744    -0.216739
745    -0.217035
746    -0.217333
747    -0.217619
748    -0.217897
749    -0.218186
750    -0.218474
751    -0.218771
752    -0.219080
753    -0.219397
754    -0.219719
755    -0.220051
756    -0.220392
757    -0.220734
758    -0.221087
759    -0.221447
760    -0.221801
761    -0.222139
762    -0.222459
763    -0.222779
764    -0.223085
765    -0.223384
766    -0.223684
767    -0.223982
768    -0.224271
769    -0.224562
770    -0.224851
771    -0.225138
772    -0.225434
773    -0.225722
774    -0.226011
775    -0.226304
776    -0.226590
777    -0.226872
778    -0.227148
779    -0.227425
780    -0.227698
781    -0.227972
782    -0.228258
783    -0.228555
784    -0.228853
785    -0.229141
786    -0.229425
787    -0.229707
788    -0.229987
789    -0.230256
790    -0.230527
791    -0.230801
792    -0.231077
793    -0.231352
794    -0.231616
795    -0.231877
796    -0.232136
797    -0.232402
798    -0.232664
799    -0.232925
800    -0.233184
801    -0.233437
802    -0.233689
803    -0.233936
804    -0.234181
805    -0.234425
806    -0.234671
807    -0.234913
808    -0.235172
809    -0.235446
810    -0.235728
811    -0.236011
812    -0.236303
813    -0.236604
814    -0.236907
815    -0.237203
816    -0.237489
817    -0.237771
818    -0.238041
819    -0.238294
820    -0.238536
821    -0.238789
822    -0.239044
823    -0.239308
824    -0.239578
825    -0.239856
826    -0.240136
827    -0.240414
828    -0.240689
829    -0.240970
830    -0.241244
831    -0.241511
832    -0.241782
833    -0.242057
834    -0.242331
835    -0.242603
836    -0.242873
837    -0.243142
838    -0.243404
839    -0.243670
840    -0.243944
841    -0.244221
842    -0.244496
843    -0.244765
844    -0.245034
845    -0.245301
846    -0.245566
847    -0.245827
848    -0.246073
849    -0.246326
850    -0.246585
851    -0.246844
852    -0.247095
853    -0.247335
854    -0.247567
855    -0.247799
856    -0.248036
857    -0.248259
858    -0.248476
859    -0.248693
860    -0.248906
861    -0.249120
862    -0.249322
863    -0.249515
864    -0.249724
865    -0.249927
866    -0.250131
867    -0.250337
868    -0.250551
869    -0.250765
870    -0.250986
871    -0.251221
872    -0.251461
873    -0.251710
874    -0.251954
875    -0.252203
876    -0.252454
877    -0.252696
878    -0.252940
879    -0.253189
880    -0.253432
881    -0.253679
882    -0.253918
883    -0.254160
884    -0.254404
885    -0.254640
886    -0.254882
887    -0.255115
888    -0.255344
889    -0.255559
890    -0.255766
891    -0.255977
892    -0.256182
893    -0.256387
894    -0.256600
895    -0.256824
896    -0.257055
897    -0.257293
898    -0.257533
899    -0.257773
900    -0.258024
901    -0.258271
902    -0.258509
903    -0.258732
904    -0.258954
905    -0.259178
906    -0.259406
907    -0.259630
908    -0.259862
909    -0.260098
910    -0.260333
911    -0.260566
912    -0.260789
913    -0.261002
914    -0.261207
915    -0.261412
916    -0.261614
917    -0.261814
918    -0.262006
919    -0.262213
920    -0.262433
921    -0.262648
922    -0.262862
923    -0.263078
924    -0.263306
925    -0.263529
926    -0.263744
927    -0.263963
928    -0.264184
929    -0.264417
930    -0.264655
931    -0.264888
932    -0.265112
933    -0.265327
934    -0.265542
935    -0.265748
936    -0.265962
937    -0.266177
938    -0.266400
939    -0.266615
940    -0.266840
941    -0.267075
942    -0.267313
943    -0.267566
944    -0.267829
945    -0.268090
946    -0.268345
947    -0.268578
948    -0.268804
949    -0.269021
950    -0.269238
951    -0.269461
952    -0.269673
953    -0.269877
954    -0.270072
955    -0.270278
956    -0.270485
957    -0.270680
958    -0.270883
959    -0.271086
960    -0.271298
961    -0.271518
962    -0.271745
963    -0.271971
964    -0.272197
965    -0.272420
966    -0.272641
967    -0.272858
968    -0.273077
969    -0.273297
970    -0.273515
971    -0.273738
972    -0.273960
973    -0.274180
974    -0.274401
975    -0.274622
976    -0.274839
977    -0.275062
978    -0.275290
979    -0.275524
980    -0.275765
981    -0.275999
982    -0.276229
983    -0.276464
984    -0.276702
985    -0.276938
986    -0.277177
987    -0.277416
988    -0.277660
989    -0.277895
990    -0.278130
991    -0.278363
992    -0.278594
993    -0.278815
994    -0.279031
995    -0.279238
996    -0.279441
997    -0.279629
998    -0.279819
999    -0.280009
1000    -0.280203
1001    -0.280393
1002    -0.280581
1003    -0.280772
1004    -0.280970
1005    -0.281172
1006    -0.281394
1007    -0.281618
1008    -0.281843
1009    -0.282071
1010    -0.282298
1011    -0.282537
1012    -0.282782
1013    -0.283024
1014    -0.283254
1015    -0.283472
1016    -0.283687
1017    -0.283902
1018    -0.284123
1019    -0.284351
1020    -0.284581
1021    -0.284811
1022    -0.285031
1023    -0.285251
1024    -0.285468
1025    -0.285693
1026    -0.285912
1027    -0.286134
1028    -0.286354
1029    -0.286553
1030    -0.286747
1031    -0.286949
1032    -0.287152
1033    -0.287366
1034    -0.287579
1035    -0.287785
1036    -0.287982
1037    -0.288187
1038    -0.288393
1039    -0.288597
1040    -0.288799
1041    -0.289004
1042    -0.289210
1043    -0.289422
1044    -0.289639
1045    -0.289857
1046    -0.290075
1047    -0.290289
1048    -0.290500
1049    -0.290713
1050    -0.290919
1051    -0.291129
1052    -0.291349
1053    -0.291560
1054    -0.291768
1055    -0.291962
1056    -0.292153
1057    -0.292336
1058    -0.292504
1059    -0.292682
1060    -0.292857
1061    -0.293029
1062    -0.293199
1063    -0.293370
1064    -0.293546
1065    -0.293719
1066    -0.293897
1067    -0.294073
1068    -0.294254
1069    -0.294426
1070    -0.294598
1071    -0.294771
1072    -0.294956
1073    -0.295145
1074    -0.295340
1075    -0.295532
1076    -0.295711
1077    -0.295890
1078    -0.296058
1079    -0.296226
1080    -0.296410
1081    -0.296589
1082    -0.296766
1083    -0.296952
1084    -0.297140
1085    -0.297327
1086    -0.297510
1087    -0.297696
1088    -0.297874
1089    -0.298054
1090    -0.298238
1091    -0.298434
1092    -0.298632
1093    -0.298823
1094    -0.299008
1095    -0.299190
1096    -0.299383
1097    -0.299592
1098    -0.299796
1099    -0.300002
1100    -0.300210
1101    -0.300416
1102    -0.300628
1103    -0.300848
1104    -0.301061
1105    -0.301280
1106    -0.301497
1107    -0.301715
1108    -0.301938
1109    -0.302171
1110    -0.302420
1111    -0.302667
1112    -0.302903
1113    -0.303128
1114    -0.303355
1115    -0.303582
1116    -0.303813
1117    -0.304040
1118    -0.304278
1119    -0.304511
1120    -0.304746
1121    -0.304996
1122    -0.305245
1123    -0.305488
1124    -0.305726
1125    -0.305955
1126    -0.306187
1127    -0.306419
1128    -0.306653
1129    -0.306882
1130    -0.307117
1131    -0.307344
1132    -0.307568
1133    -0.307779
1134    -0.307984
1135    -0.308197
1136    -0.308413
1137    -0.308635
1138    -0.308854
1139    -0.309072
1140    -0.309278
1141    -0.309478
1142    -0.309680
1143    -0.309877
1144    -0.310080
1145    -0.310295
1146    -0.310524
1147    -0.310764
1148    -0.311011
1149    -0.311260
1150    -0.311502
1151    -0.311741
1152    -0.311975
1153    -0.312211
1154    -0.312448
1155    -0.312687
1156    -0.312925
1157    -0.313166
1158    -0.313413
1159    -0.313663
1160    -0.313911
1161    -0.314156
1162    -0.314398
1163    -0.314636
1164    -0.314879
1165    -0.315125
1166    -0.315374
1167    -0.315628
1168    -0.315876
1169    -0.316125
1170    -0.316377
1171    -0.316635
1172    -0.316893
1173    -0.317139
1174    -0.317391
1175    -0.317647
1176    -0.317903
1177    -0.318155
1178    -0.318402
1179    -0.318658
1180    -0.318919
1181    -0.319185
1182    -0.319449
1183    -0.319733
1184    -0.320010
1185    -0.320282
1186    -0.320552
1187    -0.320818
1188    -0.321066
1189    -0.321313
1190    -0.321564
1191    -0.321808
1192    -0.322042
1193    -0.322276
1194    -0.322510
1195    -0.322737
1196    -0.322961
1197    -0.323188
1198    -0.323417
1199    -0.323643
1200    -0.323861
1201    -0.324075
1202    -0.324289
1203    -0.324512
1204    -0.324745
1205    -0.324972
1206    -0.325203
1207    -0.325437
1208    -0.325667
1209    -0.325898
1210    -0.326119
1211    -0.326331
1212    -0.326540
1213    -0.326751
1214    -0.326959
1215    -0.327159
1216    -0.327366
1217    -0.327574
1218    -0.327787
1219    -0.328006
1220    -0.328222
1221    -0.328444
1222    -0.328681
1223    -0.328928
1224    -0.329173
1225    -0.329407
1226    -0.329647
1227    -0.329895
1228    -0.330133
1229    -0.330366
1230    -0.330595
1231    -0.330832
1232    -0.331081
1233    -0.331335
1234    -0.331586
1235    -0.331835
1236    -0.332084
1237    -0.332322
1238    -0.332563
1239    -0.332815
1240    -0.333053
1241    -0.333283
1242    -0.333513
1243    -0.333726
1244    -0.333936
1245    -0.334148
1246    -0.334357
1247    -0.334571
1248    -0.334791
1249    -0.335012
1250    -0.335234
1251    -0.335460
1252    -0.335691
1253    -0.335909
1254    -0.336109
1255    -0.336298
1256    -0.336495
1257    -0.336700
1258    -0.336913
1259    -0.337124
1260    -0.337340
1261    -0.337551
1262    -0.337766
1263    -0.337978
1264    -0.338183
1265    -0.338387
1266    -0.338586
1267    -0.338781
1268    -0.338978
1269    -0.339177
1270    -0.339377
1271    -0.339581
1272    -0.339793
1273    -0.340013
1274    -0.340236
1275    -0.340472
1276    -0.340716
1277    -0.340974
1278    -0.341238
1279    -0.341487
1280    -0.341726
1281    -0.341971
1282    -0.342219
1283    -0.342465
1284    -0.342705
1285    -0.342933
1286    -0.343167
1287    -0.343405
1288    -0.343643
1289    -0.343884
1290    -0.344125
1291    -0.344360
1292    -0.344594
1293    -0.344828
1294    -0.345067
1295    -0.345297
1296    -0.345522
1297    -0.345739
1298    -0.345946
1299    -0.346151
1300    -0.346354
1301    -0.346552
1302    -0.346756
1303    -0.346951
1304    -0.347144
1305    -0.347349
1306    -0.347550
1307    -0.347743
1308    -0.347946
1309    -0.348145
1310    -0.348348
1311    -0.348537
1312    -0.348717
1313    -0.348890
1314    -0.349051
1315    -0.349217
1316    -0.349395
1317    -0.349574
1318    -0.349737
1319    -0.349904
1320    -0.350070
1321    -0.350234
1322    -0.350393
1323    -0.350551
1324    -0.350703
1325    -0.350851
1326    -0.350992
1327    -0.351116
1328    -0.351244
1329    -0.351377
1330    -0.351512
1331    -0.351648
1332    -0.351785
1333    -0.351925
1334    -0.352061
1335    -0.352189
1336    -0.352306
1337    -0.352416
1338    -0.352520
1339    -0.352625
1340    -0.352721
1341    -0.352813
1342    -0.352912
1343    -0.353008
1344    -0.353108
1345    -0.353207
1346    -0.353302
1347    -0.353388
1348    -0.353473
1349    -0.353560
1350    -0.353634
1351    -0.353715
1352    -0.353792
1353    -0.353853
1354    -0.353913
1355    -0.353965
1356    -0.354012
1357    -0.354060
1358    -0.354117
1359    -0.354170
1360    -0.354229
1361    -0.354291
1362    -0.354349
1363    -0.354405
1364    -0.354458
1365    -0.354507
1366    -0.354546
1367    -0.354595
1368    -0.354645
1369    -0.354685
1370    -0.354721
1371    -0.354753
1372    -0.354776
1373    -0.354794
1374    -0.354818
1375    -0.354845
1376    -0.354877
1377    -0.354913
1378    -0.354951
1379    -0.354992
1380    -0.355037
1381    -0.355077
1382    -0.355127
1383    -0.355176
1384    -0.355236
1385    -0.355292
1386    -0.355352
1387    -0.355421
1388    -0.355486
1389    -0.355542
1390    -0.355607
1391    -0.355683
1392    -0.355770
1393    -0.355848
1394    -0.355922
1395    -0.355992
1396    -0.356059
1397    -0.356120
1398    -0.356183
1399    -0.356241
1400    -0.356301
1401    -0.356351
1402    -0.356394
1403    -0.356435
1404    -0.356487
1405    -0.356547
1406    -0.356609
1407    -0.356673
1408    -0.356743
1409    -0.356823
1410    -0.356891
1411    -0.356947
1412    -0.357007
1413    -0.357066
1414    -0.357117
1415    -0.357176
1416    -0.357238
1417    -0.357301
1418    -0.357364
1419    -0.357436
1420    -0.357522
1421    -0.357612
1422    -0.357708
1423    -0.357805
1424    -0.357888
1425    -0.357952
1426    -0.358007
1427    -0.358071
1428    -0.358131
1429    -0.358192
1430    -0.358257
1431    -0.358329
1432    -0.358405
1433    -0.358489
1434    -0.358566
1435    -0.358646
1436    -0.358725
1437    -0.358799
1438    -0.358868
1439    -0.358936
1440    -0.359006
1441    -0.359090
1442    -0.359178
1443    -0.359266
1444    -0.359351
1445    -0.359435
1446    -0.359510
1447    -0.359581
1448    -0.359655
1449    -0.359724
1450    -0.359782
1451    -0.359849
1452    -0.359918
1453    -0.359990
1454    -0.360058
1455    -0.360125
1456    -0.360183
1457    -0.360227
1458    -0.360268
1459    -0.360303
1460    -0.360331
1461    -0.360371
1462    -0.360425
1463    -0.360487
1464    -0.360542
1465    -0.360578
1466    -0.360610
1467    -0.360641
1468    -0.360671
1469    -0.360697
1470    -0.360728
1471    -0.360763
1472    -0.360790
1473    -0.360809
1474    -0.360811
1475    -0.360823
1476    -0.360846
1477    -0.360860
1478    -0.360861
1479    -0.360862
1480    -0.360872
1481    -0.360870
1482    -0.360860
1483    -0.360839
1484    -0.360820
1485    -0.360798
1486    -0.360767
1487    -0.360737
1488    -0.360708
1489    -0.360686
1490    -0.360662
1491    -0.360649
1492    -0.360627
1493    -0.360606
1494    -0.360571
1495    -0.360533
1496    -0.360494
1497    -0.360453
1498    -0.360416
1499    -0.360384
1500    -0.360357
1501    -0.360322
1502    -0.360284
1503    -0.360242
1504    -0.360200
1505    -0.360141
1506    -0.360086
1507    -0.360032
1508    -0.359975
1509    -0.359921
1510    -0.359859
1511    -0.359782
1512    -0.359689
1513    -0.359601
1514    -0.359509
1515    -0.359425
1516    -0.359342
1517    -0.359257
1518    -0.359174
1519    -0.359092
1520    -0.359014
1521    -0.358936
1522    -0.358854
1523    -0.358768
1524    -0.358672
1525    -0.358570
1526    -0.358464
1527    -0.358348
1528    -0.358239
1529    -0.358133
1530    -0.358013
1531    -0.357878
1532    -0.357718
1533    -0.357539
1534    -0.357352
1535    -0.357157
1536    -0.356967
1537    -0.356790
1538    -0.356628
1539    -0.356478
1540    -0.356330
1541    -0.356195
1542    -0.356041
1543    -0.355889
1544    -0.355735
1545    -0.355567
1546    -0.355387
1547    -0.355207
1548    -0.355033
1549    -0.354862
1550    -0.354689
1551    -0.354515
1552    -0.354332
1553    -0.354139
1554    -0.353950
1555    -0.353768
1556    -0.353590
1557    -0.353404
1558    -0.353222
1559    -0.353047
1560    -0.352864
1561    -0.352670
1562    -0.352481
1563    -0.352289
1564    -0.352096
1565    -0.351912
1566    -0.351726
1567    -0.351533
1568    -0.351330
1569    -0.351134
1570    -0.350935
1571    -0.350745
1572    -0.350567
1573    -0.350398
1574    -0.350225
1575    -0.350048
1576    -0.349892
1577    -0.349743
1578    -0.349592
1579    -0.349455
1580    -0.349324
1581    -0.349189
1582    -0.349047
1583    -0.348901
1584    -0.348756
1585    -0.348611
1586    -0.348482
1587    -0.348353
1588    -0.348224
1589    -0.348088
1590    -0.347944
1591    -0.347801
1592    -0.347656
1593    -0.347504
1594    -0.347341
1595    -0.347171
1596    -0.346996
1597    -0.346817
1598    -0.346634
1599    -0.346460
1600    -0.346292
1601    -0.346115
1602    -0.345935
1603    -0.345755
1604    -0.345568
1605    -0.345384
1606    -0.345205
1607    -0.345032
1608    -0.344854
1609    -0.344668
1610    -0.344486
1611    -0.344288
1612    -0.344080
1613    -0.343873
1614    -0.343673
1615    -0.343479
1616    -0.343287
1617    -0.343084
1618    -0.342890
1619    -0.342709
1620    -0.342530
1621    -0.342350
1622    -0.342160
1623    -0.341955
1624    -0.341752
1625    -0.341542
1626    -0.341325
1627    -0.341104
1628    -0.340889
1629    -0.340678
1630    -0.340484
1631    -0.340288
1632    -0.340085
1633    -0.339878
1634    -0.339666
1635    -0.339453
1636    -0.339253
1637    -0.339058
1638    -0.338861
1639    -0.338665
1640    -0.338459
1641    -0.338260
1642    -0.338066
1643    -0.337874
1644    -0.337697
1645    -0.337533
1646    -0.337370
1647    -0.337191
1648    -0.336994
1649    -0.336793
1650    -0.336600
1651    -0.336409
1652    -0.336211
1653    -0.336002
1654    -0.335786
1655    -0.335558
1656    -0.335331
1657    -0.335103
1658    -0.334877
1659    -0.334650
1660    -0.334412
1661    -0.334158
1662    -0.333887
1663    -0.333608
1664    -0.333320
1665    -0.333037
1666    -0.332761
1667    -0.332496
1668    -0.332241
1669    -0.331988
1670    -0.331739
1671    -0.331479
1672    -0.331216
1673    -0.330973
1674    -0.330737
1675    -0.330490
1676    -0.330240
1677    -0.329985
1678    -0.329725
1679    -0.329462
1680    -0.329203
1681    -0.328935
1682    -0.328665
1683    -0.328380
1684    -0.328087
1685    -0.327783
1686    -0.327477
1687    -0.327168
1688    -0.326855
1689    -0.326545
1690    -0.326233
1691    -0.325927
1692    -0.325614
1693    -0.325302
1694    -0.324986
1695    -0.324662
1696    -0.324332
1697    -0.324000
1698    -0.323670
1699    -0.323341
1700    -0.323009
1701    -0.322684
1702    -0.322363
1703    -0.322047
1704    -0.321727
1705    -0.321418
1706    -0.321115
1707    -0.320809
1708    -0.320498
1709    -0.320180
1710    -0.319861
1711    -0.319552
1712    -0.319248
1713    -0.318951
1714    -0.318670
1715    -0.318382
1716    -0.318098
1717    -0.317815
1718    -0.317541
1719    -0.317273
1720    -0.317029
1721    -0.316790
1722    -0.316551
1723    -0.316318
1724    -0.316093
1725    -0.315868
1726    -0.315641
1727    -0.315418
1728    -0.315193
1729    -0.314965
1730    -0.314744
1731    -0.314521
1732    -0.314286
1733    -0.314057
1734    -0.313830
1735    -0.313605
1736    -0.313385
1737    -0.313167
1738    -0.312961
1739    -0.312755
1740    -0.312552
1741    -0.312345
1742    -0.312144
1743    -0.311945
1744    -0.311738
1745    -0.311520
1746    -0.311298
1747    -0.311071
1748    -0.310851
1749    -0.310627
1750    -0.310388
1751    -0.310148
1752    -0.309902
1753    -0.309648
1754    -0.309397
1755    -0.309141
1756    -0.308885
1757    -0.308624
1758    -0.308370
1759    -0.308101
1760    -0.307820
1761    -0.307535
1762    -0.307244
1763    -0.306937
1764    -0.306627
1765    -0.306322
1766    -0.306025
1767    -0.305725
1768    -0.305445
1769    -0.305171
1770    -0.304894
1771    -0.304634
1772    -0.304375
1773    -0.304108
1774    -0.303843
1775    -0.303580
1776    -0.303313
1777    -0.303054
1778    -0.302788
1779    -0.302520
1780    -0.302255
1781    -0.301978
1782    -0.301689
1783    -0.301399
1784    -0.301102
1785    -0.300795
1786    -0.300489
1787    -0.300174
1788    -0.299863
1789    -0.299553
1790    -0.299248
1791    -0.298938
1792    -0.298635
1793    -0.298346
1794    -0.298067
1795    -0.297789
1796    -0.297507
1797    -0.297222
1798    -0.296934
1799    -0.296640
1800    -0.296352
1801    -0.296059
1802    -0.295761
1803    -0.295465
1804    -0.295166
1805    -0.294859
1806    -0.294540
1807    -0.294211
1808    -0.293883
1809    -0.293554
1810    -0.293212
1811    -0.292876
1812    -0.292548
1813    -0.292238
1814    -0.291928
1815    -0.291626
1816    -0.291328
1817    -0.291018
1818    -0.290703
1819    -0.290381
1820    -0.290065
1821    -0.289759
1822    -0.289461
1823    -0.289178
1824    -0.288892
1825    -0.288606
1826    -0.288326
1827    -0.288046
1828    -0.287761
1829    -0.287476
1830    -0.287191
1831    -0.286906
1832    -0.286619
1833    -0.286319
1834    -0.286018
1835    -0.285707
1836    -0.285400
1837    -0.285093
1838    -0.284788
1839    -0.284484
1840    -0.284184
1841    -0.283890
1842    -0.283597
1843    -0.283302
1844    -0.283023
1845    -0.282752
1846    -0.282492
1847    -0.282230
1848    -0.281962
1849    -0.281697
1850    -0.281433
1851    -0.281174
1852    -0.280919
1853    -0.280655
1854    -0.280392
1855    -0.280129
1856    -0.279861
1857    -0.279589
1858    -0.279328
1859    -0.279080
1860    -0.278843
1861    -0.278600
1862    -0.278350
1863    -0.278096
1864    -0.277841
1865    -0.277588
1866    -0.277336
1867    -0.277093
1868    -0.276857
1869    -0.276615
1870    -0.276367
1871    -0.276124
1872    -0.275877
1873    -0.275622
1874    -0.275368
1875    -0.275110
1876    -0.274854
1877    -0.274600
1878    -0.274344
1879    -0.274082
1880    -0.273825
1881    -0.273572
1882    -0.273337
1883    -0.273103
1884    -0.272878
1885    -0.272649
1886    -0.272412
1887    -0.272197
1888    -0.271991
1889    -0.271788
1890    -0.271592
1891    -0.271390
1892    -0.271187
1893    -0.271000
1894    -0.270805
1895    -0.270610
1896    -0.270418
1897    -0.270221
1898    -0.270018
1899    -0.269815
1900    -0.269599
1901    -0.269383
1902    -0.269164
1903    -0.268943
1904    -0.268716
1905    -0.268495
1906    -0.268287
1907    -0.268079
1908    -0.267867
1909    -0.267645
1910    -0.267431
1911    -0.267223
1912    -0.267030
1913    -0.266833
1914    -0.266634
1915    -0.266437
1916    -0.266251
1917    -0.266072
1918    -0.265878
1919    -0.265679
1920    -0.265478
1921    -0.265271
1922    -0.265073
1923    -0.264878
1924    -0.264682
1925    -0.264484
1926    -0.264287
1927    -0.264091
1928    -0.263899
1929    -0.263710
1930    -0.263518
1931    -0.263329
1932    -0.263151
1933    -0.262980
1934    -0.262809
1935    -0.262652
1936    -0.262495
1937    -0.262333
1938    -0.262180
1939    -0.262042
1940    -0.261904
1941    -0.261772
1942    -0.261643
1943    -0.261518
1944    -0.261392
1945    -0.261265
1946    -0.261142
1947    -0.261008
1948    -0.260875
1949    -0.260750
1950    -0.260620
1951    -0.260484
1952    -0.260354
1953    -0.260224
1954    -0.260099
1955    -0.259968
1956    -0.259841
1957    -0.259712
1958    -0.259583
1959    -0.259451
1960    -0.259323
1961    -0.259187
1962    -0.259063
1963    -0.258944
1964    -0.258829
1965    -0.258717
1966    -0.258604
1967    -0.258483
1968    -0.258361
1969    -0.258244
1970    -0.258132
1971    -0.258026
1972    -0.257926
1973    -0.257827
1974    -0.257728
1975    -0.257619
1976    -0.257528
1977    -0.257445
1978    -0.257355
1979    -0.257253
1980    -0.257146
1981    -0.257046
1982    -0.256947
1983    -0.256859
1984    -0.256778
1985    -0.256712
1986    -0.256661
1987    -0.256603
1988    -0.256543
1989    -0.256479
1990    -0.256424
1991    -0.256372
1992    -0.256331
1993    -0.256293
1994    -0.256246
1995    -0.256205
1996    -0.256168
1997    -0.256128
1998    -0.256073
1999    -0.256017
2000    -0.255976
2001    -0.255928
2002    -0.255879
2003    -0.255828
2004    -0.255782
2005    -0.255743
2006    -0.255704
2007    -0.255646
2008    -0.255578
2009    -0.255515
2010    -0.255458
2011    -0.255412
2012    -0.255372
2013    -0.255338
2014    -0.255298
2015    -0.255252
2016    -0.255216
2017    -0.255193
2018    -0.255175
2019    -0.255156
2020    -0.255145
2021    -0.255138
2022    -0.255130
2023    -0.255135
2024    -0.255145
2025    -0.255166
2026    -0.255189
2027    -0.255214
2028    -0.255248
2029    -0.255281
2030    -0.255307
2031    -0.255329
2032    -0.255351
2033    -0.255361
2034    -0.255372
2035    -0.255380
2036    -0.255375
2037    -0.255361
2038    -0.255354
2039    -0.255346
2040    -0.255322
2041    -0.255301
2042    -0.255279
2043    -0.255262
2044    -0.255237
2045    -0.255192
2046    -0.255147
2047    -0.255103
2048    -0.255069
2049    -0.255053
2050    -0.255045
2051    -0.255044
2052    -0.255048
2053    -0.255064
2054    -0.255067
2055    -0.255071
2056    -0.255084
2057    -0.255097
2058    -0.255099
2059    -0.255100
2060    -0.255104
2061    -0.255128
2062    -0.255167
2063    -0.255213
2064    -0.255260
2065    -0.255306
2066    -0.255349
2067    -0.255393
2068    -0.255437
2069    -0.255472
2070    -0.255512
2071    -0.255562
2072    -0.255606
2073    -0.255640
2074    -0.255677
2075    -0.255716
2076    -0.255746
2077    -0.255775
2078    -0.255803
2079    -0.255835
2080    -0.255857
2081    -0.255872
2082    -0.255885
2083    -0.255892
2084    -0.255896
2085    -0.255905
2086    -0.255925
2087    -0.255946
2088    -0.255960
2089    -0.255964
2090    -0.255968
2091    -0.255972
2092    -0.255985
2093    -0.256002
2094    -0.256024
2095    -0.256052
2096    -0.256080
2097    -0.256114
2098    -0.256146
2099    -0.256191
2100    -0.256246
2101    -0.256293
2102    -0.256339
2103    -0.256390
2104    -0.256456
2105    -0.256512
2106    -0.256554
2107    -0.256595
2108    -0.256644
2109    -0.256691
2110    -0.256733
2111    -0.256775
2112    -0.256812
2113    -0.256841
2114    -0.256868
2115    -0.256892
2116    -0.256906
2117    -0.256929
2118    -0.256948
2119    -0.256973
2120    -0.256986
2121    -0.256990
2122    -0.256989
2123    -0.256998
2124    -0.257002
2125    -0.256999
2126    -0.256999
2127    -0.256997
2128    -0.256986
2129    -0.256973
2130    -0.256959
2131    -0.256938
2132    -0.256910
2133    -0.256892
2134    -0.256890
2135    -0.256885
2136    -0.256880
2137    -0.256879
2138    -0.256877
2139    -0.256873
2140    -0.256852
2141    -0.256807
2142    -0.256747
2143    -0.256680
2144    -0.256608
2145    -0.256531
2146    -0.256449
2147    -0.256363
2148    -0.256268
2149    -0.256170
2150    -0.256065
2151    -0.255967
2152    -0.255865
2153    -0.255741
2154    -0.255594
2155    -0.255436
2156    -0.255272
2157    -0.255098
2158    -0.254909
2159    -0.254708
2160    -0.254493
2161    -0.254271
2162    -0.254037
2163    -0.253804
2164    -0.253571
2165    -0.253331
2166    -0.253095
2167    -0.252870
2168    -0.252638
2169    -0.252408
2170    -0.252173
2171    -0.251937
2172    -0.251699
2173    -0.251464
2174    -0.251236
2175    -0.251005
2176    -0.250778
2177    -0.250554
2178    -0.250332
2179    -0.250122
2180    -0.249912
2181    -0.249696
2182    -0.249478
2183    -0.249257
2184    -0.249044
2185    -0.248838
2186    -0.248641
2187    -0.248449
2188    -0.248255
2189    -0.248077
2190    -0.247907
2191    -0.247737
2192    -0.247568
2193    -0.247407
2194    -0.247274
2195    -0.247146
2196    -0.247009
2197    -0.246868
2198    -0.246727
2199    -0.246585
2200    -0.246442
2201    -0.246284
2202    -0.246131
2203    -0.245979
2204    -0.245827
2205    -0.245678
2206    -0.245520
2207    -0.245360
2208    -0.245202
2209    -0.245048
2210    -0.244905
2211    -0.244765
2212    -0.244633
2213    -0.244498
2214    -0.244355
2215    -0.244206
2216    -0.244056
2217    -0.243903
2218    -0.243741
2219    -0.243573
2220    -0.243405
2221    -0.243238
2222    -0.243077
2223    -0.242919
2224    -0.242771
2225    -0.242630
2226    -0.242487
2227    -0.242341
2228    -0.242215
2229    -0.242092
2230    -0.241970
2231    -0.241850
2232    -0.241728
2233    -0.241599
2234    -0.241468
2235    -0.241331
2236    -0.241190
2237    -0.241045
2238    -0.240911
2239    -0.240774
2240    -0.240633
2241    -0.240482
2242    -0.240333
2243    -0.240195
2244    -0.240067
2245    -0.239947
2246    -0.239817
2247    -0.239681
2248    -0.239522
2249    -0.239360
2250    -0.239191
2251    -0.239029
2252    -0.238864
2253    -0.238708
2254    -0.238564
2255    -0.238421
2256    -0.238283
2257    -0.238158
2258    -0.238034
2259    -0.237901
2260    -0.237762
2261    -0.237627
2262    -0.237498
2263    -0.237365
2264    -0.237227
2265    -0.237082
2266    -0.236929
2267    -0.236778
2268    -0.236632
2269    -0.236475
2270    -0.236320
2271    -0.236162
2272    -0.235997
2273    -0.235818
2274    -0.235629
2275    -0.235438
2276    -0.235254
2277    -0.235080
2278    -0.234900
2279    -0.234728
2280    -0.234550
2281    -0.234371
2282    -0.234199
2283    -0.234025
2284    -0.233849
2285    -0.233682
2286    -0.233508
2287    -0.233331
2288    -0.233155
2289    -0.232981
2290    -0.232805
2291    -0.232634
2292    -0.232470
2293    -0.232316
2294    -0.232152
2295    -0.231987
2296    -0.231823
2297    -0.231647
2298    -0.231469
2299    -0.231287
2300    -0.231095
2301    -0.230902
2302    -0.230725
2303    -0.230550
2304    -0.230369
2305    -0.230182
2306    -0.229993
2307    -0.229808
2308    -0.229621
2309    -0.229421
2310    -0.229224
2311    -0.229023
2312    -0.228822
2313    -0.228623
2314    -0.228425
2315    -0.228231
2316    -0.228024
2317    -0.227813
2318    -0.227606
2319    -0.227393
2320    -0.227183
2321    -0.226978
2322    -0.226781
2323    -0.226588
2324    -0.226405
2325    -0.226235
2326    -0.226055
2327    -0.225882
2328    -0.225709
2329    -0.225529
2330    -0.225337
2331    -0.225151
2332    -0.224963
2333    -0.224771
2334    -0.224583
2335    -0.224386
2336    -0.224193
2337    -0.223994
2338    -0.223801
2339    -0.223609
2340    -0.223416
2341    -0.223215
2342    -0.223014
2343    -0.222817
2344    -0.222630
2345    -0.222436
2346    -0.222246
2347    -0.222051
2348    -0.221861
2349    -0.221686
2350    -0.221519
2351    -0.221358
2352    -0.221204
2353    -0.221048
2354    -0.220889
2355    -0.220728
2356    -0.220572
2357    -0.220412
2358    -0.220246
2359    -0.220068
2360    -0.219894
2361    -0.219724
2362    -0.219557
2363    -0.219383
2364    -0.219211
2365    -0.219033
2366    -0.218852
2367    -0.218678
2368    -0.218500
2369    -0.218304
2370    -0.218103
2371    -0.217903
2372    -0.217705
2373    -0.217501
2374    -0.217288
2375    -0.217081
2376    -0.216878
2377    -0.216679
2378    -0.216488
2379    -0.216304
2380    -0.216117
2381    -0.215933
2382    -0.215754
2383    -0.215587
2384    -0.215429
2385    -0.215264
2386    -0.215106
2387    -0.214956
2388    -0.214815
2389    -0.214670
2390    -0.214508
2391    -0.214346
2392    -0.214186
2393    -0.214026
2394    -0.213867
2395    -0.213703
2396    -0.213534
2397    -0.213369
2398    -0.213215
2399    -0.213071
2400    -0.212921
2401    -0.212770
2402    -0.212608
2403    -0.212446
2404    -0.212273
2405    -0.212095
2406    -0.211912
2407    -0.211725
2408    -0.211528
2409    -0.211344
2410    -0.211150
2411    -0.210951
2412    -0.210744
2413    -0.210531
2414    -0.210319
2415    -0.210105
2416    -0.209881
2417    -0.209657
2418    -0.209436
2419    -0.209217
2420    -0.208985
2421    -0.208750
2422    -0.208516
2423    -0.208285
2424    -0.208060
2425    -0.207837
2426    -0.207609
2427    -0.207373
2428    -0.207134
2429    -0.206894
2430    -0.206655
2431    -0.206422
2432    -0.206205
2433    -0.205994
2434    -0.205772
2435    -0.205551
2436    -0.205325
2437    -0.205093
2438    -0.204863
2439    -0.204633
2440    -0.204394
2441    -0.204146
2442    -0.203892
2443    -0.203633
2444    -0.203381
2445    -0.203132
2446    -0.202883
2447    -0.202631
2448    -0.202382
2449    -0.202138
2450    -0.201908
2451    -0.201688
2452    -0.201471
2453    -0.201246
2454    -0.201002
2455    -0.200743
2456    -0.200485
2457    -0.200227
2458    -0.199950
2459    -0.199660
2460    -0.199369
2461    -0.199075
2462    -0.198788
2463    -0.198507
2464    -0.198226
2465    -0.197950
2466    -0.197661
2467    -0.197374
2468    -0.197090
2469    -0.196800
2470    -0.196503
2471    -0.196205
2472    -0.195921
2473    -0.195638
2474    -0.195358
2475    -0.195075
2476    -0.194797
2477    -0.194522
2478    -0.194249
2479    -0.193970
2480    -0.193689
2481    -0.193412
2482    -0.193138
2483    -0.192865
2484    -0.192604
2485    -0.192356
2486    -0.192111
2487    -0.191880
2488    -0.191650
2489    -0.191428
2490    -0.191205
2491    -0.190991
2492    -0.190772
2493    -0.190547
2494    -0.190318
2495    -0.190088
2496    -0.189867
2497    -0.189643
2498    -0.189415
2499    -0.189203
2500    -0.188993
2501    -0.188781
2502    -0.188572
2503    -0.188348
2504    -0.188119
2505    -0.187907
2506    -0.187686
2507    -0.187451
2508    -0.187206
2509    -0.186952
2510    -0.186700
2511    -0.186445
2512    -0.186207
2513    -0.185978
2514    -0.185757
2515    -0.185539
2516    -0.185314
2517    -0.185086
2518    -0.184870
2519    -0.184662
2520    -0.184447
2521    -0.184226
2522    -0.184010
2523    -0.183790
2524    -0.183575
2525    -0.183353
2526    -0.183135
2527    -0.182913
2528    -0.182689
2529    -0.182470
2530    -0.182246
2531    -0.182033
2532    -0.181840
2533    -0.181653
2534    -0.181456
2535    -0.181263
2536    -0.181068
2537    -0.180876
2538    -0.180690
2539    -0.180506
2540    -0.180331
2541    -0.180162
2542    -0.180003
2543    -0.179850
2544    -0.179701
2545    -0.179560
2546    -0.179416
2547    -0.179252
2548    -0.179075
2549    -0.178895
2550    -0.178720
2551    -0.178551
2552    -0.178399
2553    -0.178246
2554    -0.178082
2555    -0.177921
2556    -0.177768
2557    -0.177608
2558    -0.177458
2559    -0.177316
2560    -0.177188
2561    -0.177061
2562    -0.176937
2563    -0.176818
2564    -0.176712
2565    -0.176617
2566    -0.176527
2567    -0.176436
2568    -0.176351
2569    -0.176273
2570    -0.176208
2571    -0.176155
2572    -0.176103
2573    -0.176051
2574    -0.175998
2575    -0.175940
2576    -0.175879
2577    -0.175831
2578    -0.175781
2579    -0.175729
2580    -0.175671
2581    -0.175610
2582    -0.175556
2583    -0.175492
2584    -0.175421
2585    -0.175354
2586    -0.175284
2587    -0.175211
2588    -0.175146
2589    -0.175088
2590    -0.175032
2591    -0.174965
2592    -0.174894
2593    -0.174822
2594    -0.174766
2595    -0.174700
2596    -0.174631
2597    -0.174562
2598    -0.174497
2599    -0.174423
2600    -0.174352
2601    -0.174281
2602    -0.174201
2603    -0.174115
2604    -0.174022
2605    -0.173912
2606    -0.173800
2607    -0.173707
2608    -0.173620
2609    -0.173524
2610    -0.173431
2611    -0.173335
2612    -0.173241
2613    -0.173147
2614    -0.173045
2615    -0.172949
2616    -0.172853
2617    -0.172766
2618    -0.172679
2619    -0.172578
2620    -0.172469
2621    -0.172352
2622    -0.172226
2623    -0.172093
2624    -0.171956
2625    -0.171814
2626    -0.171670
2627    -0.171523
2628    -0.171383
2629    -0.171247
2630    -0.171102
2631    -0.170954
2632    -0.170806
2633    -0.170657
2634    -0.170519
2635    -0.170387
2636    -0.170248
2637    -0.170103
2638    -0.169963
2639    -0.169823
2640    -0.169678
2641    -0.169524
2642    -0.169365
2643    -0.169189
2644    -0.168986
2645    -0.168773
2646    -0.168551
2647    -0.168312
2648    -0.168061
2649    -0.167814
2650    -0.167570
2651    -0.167339
2652    -0.167126
2653    -0.166917
2654    -0.166710
2655    -0.166505
2656    -0.166315
2657    -0.166124
2658    -0.165944
2659    -0.165762
2660    -0.165574
2661    -0.165386
2662    -0.165201
2663    -0.165012
2664    -0.164827
2665    -0.164640
2666    -0.164437
2667    -0.164224
2668    -0.164027
2669    -0.163832
2670    -0.163637
2671    -0.163448
2672    -0.163255
2673    -0.163066
2674    -0.162883
2675    -0.162694
2676    -0.162509
2677    -0.162317
2678    -0.162128
2679    -0.161939
2680    -0.161752
2681    -0.161568
2682    -0.161382
2683    -0.161212
2684    -0.161054
2685    -0.160907
2686    -0.160761
2687    -0.160623
2688    -0.160496
2689    -0.160371
2690    -0.160249
2691    -0.160118
2692    -0.159981
2693    -0.159831
2694    -0.159665
2695    -0.159492
2696    -0.159324
2697    -0.159151
2698    -0.158985
2699    -0.158822
2700    -0.158670
2701    -0.158524
2702    -0.158374
2703    -0.158206
2704    -0.158037
2705    -0.157863
2706    -0.157677
2707    -0.157487
2708    -0.157292
2709    -0.157105
2710    -0.156936
2711    -0.156773
2712    -0.156614
2713    -0.156460
2714    -0.156299
2715    -0.156139
2716    -0.155973
2717    -0.155807
2718    -0.155646
2719    -0.155479
2720    -0.155313
2721    -0.155158
2722    -0.155003
2723    -0.154833
2724    -0.154658
2725    -0.154473
2726    -0.154286
2727    -0.154098
2728    -0.153901
2729    -0.153703
2730    -0.153498
2731    -0.153281
2732    -0.153073
2733    -0.152869
2734    -0.152677
2735    -0.152483
2736    -0.152292
2737    -0.152108
2738    -0.151914
2739    -0.151706
2740    -0.151494
2741    -0.151287
2742    -0.151085
2743    -0.150889
2744    -0.150700
2745    -0.150519
2746    -0.150332
2747    -0.150143
2748    -0.149957
2749    -0.149765
2750    -0.149578
2751    -0.149392
2752    -0.149209
2753    -0.149012
2754    -0.148811
2755    -0.148604
2756    -0.148386
2757    -0.148152
2758    -0.147920
2759    -0.147696
2760    -0.147480
2761    -0.147269
2762    -0.147052
2763    -0.146841
2764    -0.146631
2765    -0.146434
2766    -0.146241
2767    -0.146035
2768    -0.145810
2769    -0.145578
2770    -0.145360
2771    -0.145148
2772    -0.144939
2773    -0.144741
2774    -0.144549
2775    -0.144345
2776    -0.144142
2777    -0.143953
2778    -0.143761
2779    -0.143559
2780    -0.143357
2781    -0.143158
2782    -0.142954
2783    -0.142760
2784    -0.142572
2785    -0.142384
2786    -0.142195
2787    -0.142016
2788    -0.141830
2789    -0.141643
2790    -0.141463
2791    -0.141284
2792    -0.141111
2793    -0.140941
2794    -0.140767
2795    -0.140596
2796    -0.140417
2797    -0.140236
2798    -0.140068
2799    -0.139910
2800    -0.139752
2801    -0.139597
2802    -0.139446
2803    -0.139294
2804    -0.139139
2805    -0.138985
2806    -0.138821
2807    -0.138658
2808    -0.138500
2809    -0.138352
2810    -0.138198
2811    -0.138044
2812    -0.137880
2813    -0.137719
2814    -0.137559
2815    -0.137404
2816    -0.137245
2817    -0.137085
2818    -0.136925
2819    -0.136769
2820    -0.136615
2821    -0.136462
2822    -0.136306
2823    -0.136141
2824    -0.135981
2825    -0.135821
2826    -0.135667
2827    -0.135505
2828    -0.135333
2829    -0.135153
2830    -0.134965
2831    -0.134777
2832    -0.134594
2833    -0.134422
2834    -0.134268
2835    -0.134119
2836    -0.133964
2837    -0.133803
2838    -0.133628
2839    -0.133441
2840    -0.133244
2841    -0.133048
2842    -0.132857
2843    -0.132664
2844    -0.132477
2845    -0.132302
2846    -0.132123
2847    -0.131941
2848    -0.131751
2849    -0.131568
2850    -0.131383
2851    -0.131196
2852    -0.131005
2853    -0.130812
2854    -0.130629
2855    -0.130455
2856    -0.130287
2857    -0.130118
2858    -0.129957
2859    -0.129798
2860    -0.129641
2861    -0.129492
2862    -0.129356
2863    -0.129235
2864    -0.129119
2865    -0.128997
2866    -0.128867
2867    -0.128750
2868    -0.128630
2869    -0.128505
2870    -0.128389
2871    -0.128275
2872    -0.128168
2873    -0.128068
2874    -0.127961
2875    -0.127851
2876    -0.127746
2877    -0.127647
2878    -0.127547
2879    -0.127455
2880    -0.127363
2881    -0.127280
2882    -0.127190
2883    -0.127099
2884    -0.127024
2885    -0.126951
2886    -0.126871
2887    -0.126771
2888    -0.126663
2889    -0.126547
2890    -0.126435
2891    -0.126320
2892    -0.126196
2893    -0.126064
2894    -0.125939
2895    -0.125824
2896    -0.125705
2897    -0.125586
2898    -0.125468
2899    -0.125345
2900    -0.125227
2901    -0.125107
2902    -0.124973
2903    -0.124831
2904    -0.124687
2905    -0.124555
2906    -0.124424
2907    -0.124286
2908    -0.124147
2909    -0.124001
2910    -0.123856
2911    -0.123720
2912    -0.123583
2913    -0.123439
2914    -0.123286
2915    -0.123122
2916    -0.122950
2917    -0.122771
2918    -0.122586
2919    -0.122401
2920    -0.122216
2921    -0.122023
2922    -0.121826
2923    -0.121636
2924    -0.121448
2925    -0.121247
2926    -0.121049
2927    -0.120848
2928    -0.120658
2929    -0.120469
2930    -0.120278
2931    -0.120090
2932    -0.119893
2933    -0.119691
2934    -0.119495
2935    -0.119290
2936    -0.119103
2937    -0.118925
2938    -0.118733
2939    -0.118531
2940    -0.118331
2941    -0.118121
2942    -0.117908
2943    -0.117700
2944    -0.117498
2945    -0.117306
2946    -0.117115
2947    -0.116918
2948    -0.116708
2949    -0.116501
2950    -0.116294
2951    -0.116087
2952    -0.115870
2953    -0.115650
2954    -0.115433
2955    -0.115207
2956    -0.114963
2957    -0.114705
2958    -0.114456
2959    -0.114215
2960    -0.113979
2961    -0.113737
2962    -0.113499
2963    -0.113274
2964    -0.113058
2965    -0.112847
2966    -0.112641
2967    -0.112444
2968    -0.112253
2969    -0.112056
2970    -0.111849
2971    -0.111651
2972    -0.111450
2973    -0.111255
2974    -0.111064
2975    -0.110878
2976    -0.110686
2977    -0.110481
2978    -0.110272
2979    -0.110069
2980    -0.109869
2981    -0.109672
2982    -0.109460
2983    -0.109245
2984    -0.109021
2985    -0.108797
2986    -0.108574
2987    -0.108333
2988    -0.108096
2989    -0.107850
2990    -0.107601
2991    -0.107350
2992    -0.107097
2993    -0.106841
2994    -0.106591
2995    -0.106342
2996    -0.106096
2997    -0.105850
2998    -0.105606
2999    -0.105364
3000    -0.105121
3001    -0.104879
3002    -0.104634
3003    -0.104375
3004    -0.104114
3005    -0.103844
3006    -0.103576
3007    -0.103314
3008    -0.103055
3009    -0.102802
3010    -0.102550
3011    -0.102299
3012    -0.102048
3013    -0.101791
3014    -0.101524
3015    -0.101251
3016    -0.100973
3017    -0.100696
3018    -0.100420
3019    -0.100144
3020    -0.099864
