# Cycle: 4557, status: ACC, move: ('wf', 9000, 3, 81)
#     Time      Potential        Kinetic
         0      -9.025461       6.126515            nan            nan
         1      -8.943970       6.033860            nan            nan
         2      -8.843818       5.953531            nan            nan
         3      -8.726954       5.899812            nan            nan
         4      -8.594542       5.762149            nan            nan
         5      -8.447029       5.642036            nan            nan
         6      -8.285732       5.542167            nan            nan
         7      -8.114026       5.262131            nan            nan
         8      -7.936230       5.100853            nan            nan
         9      -7.753839       4.697032            nan            nan
        10      -7.572488       4.424274            nan            nan
        11      -7.393202       4.186747            nan            nan
        12      -7.211739       4.129354            nan            nan
        13      -7.028082       4.036859            nan            nan
        14      -6.846682       3.856597            nan            nan
        15      -6.669533       3.693698            nan            nan
        16      -6.499446       3.477183            nan            nan
        17      -6.336462       3.277658            nan            nan
        18      -6.179075       3.218462            nan            nan
        19      -6.028193       2.993748            nan            nan
        20      -5.885602       2.902748            nan            nan
        21      -5.748828       2.802428            nan            nan
        22      -5.619997       2.669210            nan            nan
        23      -5.498948       2.603343            nan            nan
        24      -5.385670       2.509759            nan            nan
        25      -5.280497       2.379038            nan            nan
        26      -5.183390       2.320021            nan            nan
        27      -5.091650       2.233474            nan            nan
        28      -5.005592       2.173721            nan            nan
        29      -4.925989       2.109343            nan            nan
        30      -4.850951       1.998020            nan            nan
        31      -4.783501       1.965806            nan            nan
        32      -4.723454       1.887471            nan            nan
        33      -4.673349       1.867278            nan            nan
        34      -4.630619       1.850575            nan            nan
        35      -4.594966       1.796292            nan            nan
        36      -4.564747       1.760792            nan            nan
        37      -4.541244       1.753615            nan            nan
        38      -4.524669       1.684415            nan            nan
        39      -4.512577       1.623282            nan            nan
        40      -4.506097       1.576485            nan            nan
        41      -4.505358       1.573198            nan            nan
        42      -4.511735       1.609241            nan            nan
        43      -4.525608       1.591383            nan            nan
        44      -4.545785       1.569308            nan            nan
        45      -4.571456       1.561175            nan            nan
        46      -4.604944       1.503541            nan            nan
        47      -4.642079       1.523569            nan            nan
        48      -4.685613       1.565551            nan            nan
        49      -4.738029       1.696993            nan            nan
        50      -4.797247       1.679752            nan            nan
        51      -4.860972       1.702946            nan            nan
        52      -4.929279       1.785053            nan            nan
        53      -5.005467       1.900365            nan            nan
        54      -5.090189       1.966072            nan            nan
        55      -5.181534       2.063845            nan            nan
        56      -5.282541       2.226722            nan            nan
        57      -5.391607       2.384036            nan            nan
        58      -5.507257       2.451088            nan            nan
        59      -5.628980       2.513708            nan            nan
        60      -5.759597       2.725025            nan            nan
        61      -5.896563       2.830626            nan            nan
        62      -6.040384       3.000601            nan            nan
        63      -6.193823       3.293249            nan            nan
        64      -6.356118       3.498024            nan            nan
        65      -6.525292       3.646801            nan            nan
        66      -6.700818       4.008871            nan            nan
        67      -6.882973       4.179317            nan            nan
        68      -7.071208       4.399374            nan            nan
        69      -7.262482       4.655222            nan            nan
        70      -7.460122       4.931162            nan            nan
        71      -7.660961       5.117760            nan            nan
        72      -7.859538       5.217528            nan            nan
        73      -8.054691       5.482042            nan            nan
        74      -8.247595       5.717799            nan            nan
        75      -8.432857       5.884447            nan            nan
        76      -8.608883       6.082947            nan            nan
        77      -8.773665       6.123798            nan            nan
        78      -8.923038       6.078448            nan            nan
        79      -9.056701       6.162809            nan            nan
        80      -9.173961       6.203760            nan            nan
