# Cycle: 9973, status: ACC, move: ('wf', 9000, 2, 12)
#     Time      Potential        Kinetic
         0   -8243.663900      88.511920            nan            nan
         1   -8243.452900      88.315316            nan            nan
         2   -8242.361700      87.244764            nan            nan
         3   -8240.706400      85.613615            nan            nan
         4   -8238.837900      83.771184            nan            nan
         5   -8237.119300      82.081264            nan            nan
         6   -8235.997900      81.004375            nan            nan
         7   -8236.064300      81.090289            nan            nan
         8   -8237.433600      82.409011            nan            nan
         9   -8239.266500      84.188713            nan            nan
        10   -8240.612100      85.519356            nan            nan
        11   -8241.020000      85.943819            nan            nan
