# Cycle: 9973, status: ACC, move: ('wf', 9000, 2, 12)
#     Time       Orderp
         0     1.062687     0.000000    -1.000000    -1.000000    -1.000000
         1     1.090447     0.000000    -1.000000    -1.000000    -1.000000
         2     1.113853     0.000000    -1.000000    -1.000000    -1.000000
         3     1.131827     0.000000    -1.000000    -1.000000    -1.000000
         4     1.143639     0.000000    -1.000000    -1.000000    -1.000000
         5     1.148859     0.000000    -1.000000    -1.000000    -1.000000
         6     1.147373     0.000000    -1.000000    -1.000000    -1.000000
         7     1.139322     0.000000    -1.000000    -1.000000    -1.000000
         8     1.125142     0.000000    -1.000000    -1.000000    -1.000000
         9     1.105499     0.000000    -1.000000    -1.000000    -1.000000
        10     1.081348     0.000000    -1.000000    -1.000000    -1.000000
        11     1.062199     0.000000    -1.000000    -1.000000    -1.000000
