# Cycle: 9975, status: ACC, move: ('wf', 9000, 2, 27)
#     Time      Potential        Kinetic
         0   -8240.492800     109.540480            nan            nan
         1   -8242.479700     111.490420            nan            nan
         2   -8241.667500     110.727440            nan            nan
         3   -8238.608000     107.758930            nan            nan
         4   -8234.498200     103.752310            nan            nan
         5   -8230.613200      99.972542            nan            nan
         6   -8227.986000      97.380340            nan            nan
         7   -8226.849600      96.209141            nan            nan
         8   -8226.650200      95.969295            nan            nan
         9   -8226.546900      95.836998            nan            nan
        10   -8225.795100      95.073233            nan            nan
        11   -8224.071600      93.369109            nan            nan
        12   -8221.570700      90.902164            nan            nan
        13   -8218.893000      88.280989            nan            nan
        14   -8216.912400      86.353827            nan            nan
        15   -8216.367100      85.852576            nan            nan
        16   -8217.664000      87.133830            nan            nan
        17   -8220.626400      90.041177            nan            nan
        18   -8224.509900      93.847737            nan            nan
        19   -8228.264500      97.529614            nan            nan
        20   -8230.907200     100.127960            nan            nan
        21   -8231.917100     101.149050            nan            nan
        22   -8231.512000     100.799470            nan            nan
        23   -8230.601400      99.968584            nan            nan
        24   -8230.426300      99.838512            nan            nan
        25   -8231.778500     101.150590            nan            nan
        26   -8234.404300     103.695480            nan            nan
