# Cycle: 9975, status: ACC, move: ('wf', 9000, 2, 27)
#     Time       Orderp
         0     1.062650     0.000000    -1.000000    -1.000000    -1.000000
         1     1.073998     0.000000    -1.000000    -1.000000    -1.000000
         2     1.082616     0.000000    -1.000000    -1.000000    -1.000000
         3     1.102432     0.000000    -1.000000    -1.000000    -1.000000
         4     1.126020     0.000000    -1.000000    -1.000000    -1.000000
         5     1.150763     0.000000    -1.000000    -1.000000    -1.000000
         6     1.199181     0.000000    -1.000000    -1.000000    -1.000000
         7     1.243135     0.000000    -1.000000    -1.000000    -1.000000
         8     1.281826     0.000000    -1.000000    -1.000000    -1.000000
         9     1.315088     0.000000    -1.000000    -1.000000    -1.000000
        10     1.343049     0.000000    -1.000000    -1.000000    -1.000000
        11     1.365862     1.000000    39.000000    93.000000    65.000000
        12     1.383688     1.000000    39.000000    93.000000    65.000000
        13     1.396664     1.000000    39.000000    93.000000    65.000000
        14     1.404751     1.000000    39.000000    93.000000    65.000000
        15     1.407778     1.000000    39.000000    93.000000    65.000000
        16     1.405539     1.000000    39.000000    93.000000    65.000000
        17     1.397736     1.000000    39.000000    93.000000    65.000000
        18     1.384052     1.000000    39.000000    93.000000    65.000000
        19     1.364065     1.000000    39.000000    93.000000    65.000000
        20     1.337451     0.000000    -1.000000    -1.000000    -1.000000
        21     1.303884     0.000000    -1.000000    -1.000000    -1.000000
        22     1.263297     0.000000    -1.000000    -1.000000    -1.000000
        23     1.215887     0.000000    -1.000000    -1.000000    -1.000000
        24     1.162427     0.000000    -1.000000    -1.000000    -1.000000
        25     1.104313     0.000000    -1.000000    -1.000000    -1.000000
        26     1.060527     0.000000    -1.000000    -1.000000    -1.000000
