# Cycle: 9985, status: ACC, move: ('wf', 9000, 2, 32)
#     Time       Orderp
         0     1.066379     0.000000    -1.000000    -1.000000    -1.000000
         1     1.072344     0.000000    -1.000000    -1.000000    -1.000000
         2     1.074082     0.000000    -1.000000    -1.000000    -1.000000
         3     1.071407     0.000000    -1.000000    -1.000000    -1.000000
         4     1.094692     0.000000    -1.000000    -1.000000    -1.000000
         5     1.143863     0.000000    -1.000000    -1.000000    -1.000000
         6     1.190795     0.000000    -1.000000    -1.000000    -1.000000
         7     1.234422     0.000000    -1.000000    -1.000000    -1.000000
         8     1.274638     0.000000    -1.000000    -1.000000    -1.000000
         9     1.311758     0.000000    -1.000000    -1.000000    -1.000000
        10     1.345957     1.000000    24.000000    66.000000    67.000000
        11     1.377129     1.000000    24.000000    66.000000    67.000000
        12     1.405232     1.000000    24.000000    66.000000    67.000000
        13     1.429957     1.000000    24.000000    66.000000    67.000000
        14     1.450702     1.000000    24.000000    66.000000    67.000000
        15     1.467092     1.000000    24.000000    66.000000    67.000000
        16     1.478477     1.000000    24.000000    66.000000    67.000000
        17     1.484406     1.000000    24.000000    66.000000    67.000000
        18     1.484566     1.000000    24.000000    66.000000    67.000000
        19     1.478690     1.000000    24.000000    66.000000    67.000000
        20     1.466759     1.000000    24.000000    66.000000    67.000000
        21     1.448553     1.000000    24.000000    66.000000    67.000000
        22     1.424157     1.000000    24.000000    66.000000    67.000000
        23     1.393671     1.000000    24.000000    66.000000    67.000000
        24     1.357225     1.000000    24.000000    66.000000    67.000000
        25     1.314915     0.000000    -1.000000    -1.000000    -1.000000
        26     1.266898     0.000000    -1.000000    -1.000000    -1.000000
        27     1.213861     0.000000    -1.000000    -1.000000    -1.000000
        28     1.156917     0.000000    -1.000000    -1.000000    -1.000000
        29     1.097626     0.000000    -1.000000    -1.000000    -1.000000
        30     1.079698     0.000000    -1.000000    -1.000000    -1.000000
        31     1.069466     0.000000    -1.000000    -1.000000    -1.000000
