# Cycle: 4556, status: ACC, move: ('sh', -0.15909320757062673, 20, 2)
#     Time      Potential        Kinetic
         0      -9.312277       0.730567            nan            nan
         1      -9.283777       0.723046            nan            nan
         2      -9.257012       0.689827            nan            nan
         3      -9.231496       0.694938            nan            nan
         4      -9.208071       0.636968            nan            nan
         5      -9.186059       0.622208            nan            nan
         6      -9.166206       0.560981            nan            nan
         7      -9.149107       0.509281            nan            nan
         8      -9.134626       0.554691            nan            nan
         9      -9.121583       0.504509            nan            nan
        10      -9.111444       0.507564            nan            nan
        11      -9.105017       0.498790            nan            nan
        12      -9.101822       0.481752            nan            nan
        13      -9.100171       0.476746            nan            nan
        14      -9.099467       0.497787            nan            nan
        15      -9.100990       0.500873            nan            nan
        16      -9.104623       0.519841            nan            nan
        17      -9.109270       0.519356            nan            nan
        18      -9.114990       0.505335            nan            nan
        19      -9.122345       0.465758            nan            nan
        20      -9.130580       0.437917            nan            nan
