# Cycle: 4556, status: ACC, move: ('sh', -0.15909320757062673, 20, 2)
#     Time       Orderp
         0    -0.160843    -0.160843    -0.302179    -9.312277
         1    -0.159920    -0.159920    -0.300401    -9.283777
         2    -0.159093    -0.159093    -0.298656    -9.257012
         3    -0.158337    -0.158337    -0.296939    -9.231496
         4    -0.157684    -0.157684    -0.295254    -9.208071
         5    -0.157100    -0.157100    -0.293601    -9.186059
         6    -0.156610    -0.156610    -0.292003    -9.166206
         7    -0.156223    -0.156223    -0.290514    -9.149107
         8    -0.155950    -0.155950    -0.289059    -9.134626
         9    -0.155741    -0.155741    -0.287618    -9.121583
        10    -0.155662    -0.155662    -0.286182    -9.111444
        11    -0.155741    -0.155741    -0.284783    -9.105017
        12    -0.155961    -0.155961    -0.283404    -9.101822
        13    -0.156252    -0.156252    -0.282041    -9.100171
        14    -0.156594    -0.156594    -0.280668    -9.099467
        15    -0.157042    -0.157042    -0.279304    -9.100990
        16    -0.157589    -0.157589    -0.277965    -9.104623
        17    -0.158189    -0.158189    -0.276646    -9.109270
        18    -0.158836    -0.158836    -0.275386    -9.114990
        19    -0.159543    -0.159543    -0.274231    -9.122345
        20    -0.160293    -0.160293    -0.273125    -9.130580
