# Cycle: 9912, status: ACC, move: ('wf', 9000, 2, 191)
#     Time       Orderp
         0     1.057372     0.000000    -1.000000    -1.000000    -1.000000
         1     1.105416     0.000000    -1.000000    -1.000000    -1.000000
         2     1.150763     0.000000    -1.000000    -1.000000    -1.000000
         3     1.192097     0.000000    -1.000000    -1.000000    -1.000000
         4     1.229122     0.000000    -1.000000    -1.000000    -1.000000
         5     1.261988     0.000000    -1.000000    -1.000000    -1.000000
         6     1.291275     0.000000    -1.000000    -1.000000    -1.000000
         7     1.317543     1.000000    72.000000    66.000000    67.000000
         8     1.341458     1.000000    72.000000    66.000000    67.000000
         9     1.363261     1.000000    72.000000    66.000000    67.000000
        10     1.383237     1.000000    72.000000    66.000000    67.000000
        11     1.401375     1.000000    72.000000    66.000000    67.000000
        12     1.417448     1.000000    72.000000    66.000000    67.000000
        13     1.431072     1.000000    72.000000    66.000000    67.000000
        14     1.441947     1.000000    72.000000    66.000000    67.000000
        15     1.449842     1.000000    72.000000    66.000000    67.000000
        16     1.454451     1.000000    72.000000    66.000000    67.000000
        17     2.918732     1.000000    72.000000    63.000000    58.000000
        18     2.923521     1.000000    72.000000    63.000000    58.000000
        19     2.929717     1.000000    72.000000    63.000000    58.000000
        20     2.937386     1.000000    72.000000    63.000000    58.000000
        21     2.946154     1.000000    72.000000    63.000000    58.000000
        22     2.955817     1.000000    72.000000    63.000000    58.000000
        23     2.965828     1.000000    72.000000    63.000000    58.000000
        24     2.975797     1.000000    72.000000    63.000000    58.000000
        25     2.985059     1.000000    72.000000    63.000000    58.000000
        26     2.993429     1.000000    72.000000    63.000000    58.000000
        27     3.000288     1.000000    72.000000    63.000000    58.000000
        28     3.005350     1.000000    72.000000    63.000000    58.000000
        29     3.008511     1.000000    72.000000    63.000000    58.000000
        30     4.081442     1.000000    72.000000    57.000000    80.000000
        31     4.099476     1.000000    72.000000    57.000000    80.000000
        32     4.117134     1.000000    72.000000    57.000000    80.000000
        33     4.134076     1.000000    72.000000    57.000000    80.000000
        34     4.149675     1.000000    72.000000    57.000000    80.000000
        35     4.163592     1.000000    72.000000    57.000000    80.000000
        36     4.175232     1.000000    72.000000    57.000000    80.000000
        37     4.184290     1.000000    72.000000    57.000000    80.000000
        38     4.190352     1.000000    72.000000    57.000000    80.000000
        39     4.193110     1.000000    72.000000    57.000000    80.000000
        40     4.192711     1.000000    72.000000    57.000000    80.000000
        41     4.189074     1.000000    72.000000    57.000000    80.000000
        42     4.182505     1.000000    72.000000    57.000000    80.000000
        43     4.173411     1.000000    72.000000    57.000000    80.000000
        44     4.162187     1.000000    72.000000    57.000000    80.000000
        45     4.149235     1.000000    72.000000    57.000000    80.000000
        46     4.135187     1.000000    72.000000    57.000000    80.000000
        47     4.120493     1.000000    72.000000    57.000000    80.000000
        48     4.105437     1.000000    72.000000    57.000000    80.000000
        49     4.090364     1.000000    72.000000    57.000000    80.000000
        50     4.075518     1.000000    72.000000    57.000000    80.000000
        51     4.061116     1.000000    72.000000    57.000000    80.000000
        52     4.047032     1.000000    72.000000    57.000000    80.000000
        53     4.033644     1.000000    72.000000    57.000000    80.000000
        54     4.020756     1.000000    72.000000    57.000000    80.000000
        55     4.008398     1.000000    72.000000    57.000000    80.000000
        56     3.996608     1.000000    72.000000    57.000000    80.000000
        57     3.985238     1.000000    72.000000    57.000000    80.000000
        58     3.974312     1.000000    72.000000    57.000000    80.000000
        59     3.963812     1.000000    72.000000    57.000000    80.000000
        60     3.953747     1.000000    72.000000    57.000000    80.000000
        61     3.944009     1.000000    72.000000    57.000000    80.000000
        62     3.934777     1.000000    72.000000    57.000000    80.000000
        63     3.926208     1.000000    72.000000    57.000000    80.000000
        64     3.918192     1.000000    72.000000    57.000000    80.000000
        65     3.910880     1.000000    72.000000    57.000000    80.000000
        66     3.904102     1.000000    72.000000    57.000000    80.000000
        67     3.897821     1.000000    72.000000    57.000000    80.000000
        68     3.891909     1.000000    72.000000    57.000000    80.000000
        69     3.886255     1.000000    72.000000    57.000000    80.000000
        70     3.880552     1.000000    72.000000    57.000000    80.000000
        71     3.874322     1.000000    72.000000    57.000000    80.000000
        72     3.867276     1.000000    72.000000    57.000000    80.000000
        73     3.859037     1.000000    72.000000    57.000000    80.000000
        74     3.849244     1.000000    72.000000    57.000000    80.000000
        75     3.837618     1.000000    72.000000    57.000000    80.000000
        76     3.824042     1.000000    72.000000    57.000000    80.000000
        77     3.808323     1.000000    72.000000    57.000000    80.000000
        78     3.790752     1.000000    72.000000    57.000000    80.000000
        79     3.771401     1.000000    72.000000    57.000000    80.000000
        80     3.750786     1.000000    72.000000    57.000000    80.000000
        81     3.729443     1.000000    72.000000    57.000000    80.000000
        82     3.707944     1.000000    72.000000    57.000000    80.000000
        83     3.687101     1.000000    72.000000    57.000000    80.000000
        84     3.667600     1.000000    72.000000    57.000000    80.000000
        85     3.649974     1.000000    72.000000    57.000000    80.000000
        86     3.634857     1.000000    72.000000    57.000000    80.000000
        87     3.622745     1.000000    72.000000    57.000000    80.000000
        88     3.613817     1.000000    72.000000    57.000000    80.000000
        89     3.608472     1.000000    72.000000    57.000000    80.000000
        90     3.606847     1.000000    72.000000    57.000000    80.000000
        91     3.608971     1.000000    72.000000    57.000000    80.000000
        92     3.614879     1.000000    72.000000    57.000000    80.000000
        93     3.624262     1.000000    72.000000    57.000000    80.000000
        94     3.636898     1.000000    72.000000    57.000000    80.000000
        95     3.652489     1.000000    72.000000    57.000000    80.000000
        96     3.670530     1.000000    72.000000    57.000000    80.000000
        97     3.690514     1.000000    72.000000    57.000000    80.000000
        98     3.712067     1.000000    72.000000    57.000000    80.000000
        99     3.734614     1.000000    72.000000    57.000000    80.000000
       100     3.757681     1.000000    72.000000    57.000000    80.000000
       101     3.781083     1.000000    72.000000    57.000000    80.000000
       102     3.804027     1.000000    72.000000    57.000000    80.000000
       103     3.826130     1.000000    72.000000    57.000000    80.000000
       104     3.847053     1.000000    72.000000    57.000000    80.000000
       105     3.866322     1.000000    72.000000    57.000000    80.000000
       106     3.883707     1.000000    72.000000    57.000000    80.000000
       107     3.899113     1.000000    72.000000    57.000000    80.000000
       108     3.912485     1.000000    72.000000    57.000000    80.000000
       109     3.923724     1.000000    72.000000    57.000000    80.000000
       110     3.933100     1.000000    72.000000    57.000000    80.000000
       111     3.940717     1.000000    72.000000    57.000000    80.000000
       112     3.947024     1.000000    72.000000    57.000000    80.000000
       113     3.952268     1.000000    72.000000    57.000000    80.000000
       114     3.956619     1.000000    72.000000    57.000000    80.000000
       115     3.960462     1.000000    72.000000    57.000000    80.000000
       116     3.963977     1.000000    72.000000    57.000000    80.000000
       117     3.967270     1.000000    72.000000    57.000000    80.000000
       118     3.970777     1.000000    72.000000    57.000000    80.000000
       119     3.974288     1.000000    72.000000    57.000000    80.000000
       120     3.978070     1.000000    72.000000    57.000000    80.000000
       121     3.981952     1.000000    72.000000    57.000000    80.000000
       122     3.986031     1.000000    72.000000    57.000000    80.000000
       123     3.990243     1.000000    72.000000    57.000000    80.000000
       124     3.994569     1.000000    72.000000    57.000000    80.000000
       125     3.998914     1.000000    72.000000    57.000000    80.000000
       126     4.003221     1.000000    72.000000    57.000000    80.000000
       127     4.007398     1.000000    72.000000    57.000000    80.000000
       128     4.011292     1.000000    72.000000    57.000000    80.000000
       129     4.015023     1.000000    72.000000    57.000000    80.000000
       130     4.018242     1.000000    72.000000    57.000000    80.000000
       131     4.021059     1.000000    72.000000    57.000000    80.000000
       132     4.023336     1.000000    72.000000    57.000000    80.000000
       133     4.024900     1.000000    72.000000    57.000000    80.000000
       134     4.025773     1.000000    72.000000    57.000000    80.000000
       135     4.025933     1.000000    72.000000    57.000000    80.000000
       136     4.025227     1.000000    72.000000    57.000000    80.000000
       137     4.023732     1.000000    72.000000    57.000000    80.000000
       138     4.021271     1.000000    72.000000    57.000000    80.000000
       139     4.017908     1.000000    72.000000    57.000000    80.000000
       140     4.013413     1.000000    72.000000    57.000000    80.000000
       141     4.007909     1.000000    72.000000    57.000000    80.000000
       142     4.001213     1.000000    72.000000    57.000000    80.000000
       143     3.993344     1.000000    72.000000    57.000000    80.000000
       144     3.984294     1.000000    72.000000    57.000000    80.000000
       145     3.974030     1.000000    72.000000    57.000000    80.000000
       146     3.962454     1.000000    72.000000    57.000000    80.000000
       147     3.949610     1.000000    72.000000    57.000000    80.000000
       148     3.935541     1.000000    72.000000    57.000000    80.000000
       149     3.920340     1.000000    72.000000    57.000000    80.000000
       150     3.904147     1.000000    72.000000    57.000000    80.000000
       151     3.887326     1.000000    72.000000    57.000000    80.000000
       152     3.869846     1.000000    72.000000    57.000000    80.000000
       153     3.196125     1.000000    72.000000    63.000000    58.000000
       154     3.199192     1.000000    72.000000    63.000000    58.000000
       155     3.201681     1.000000    72.000000    63.000000    58.000000
       156     3.203314     1.000000    72.000000    63.000000    58.000000
       157     3.203773     1.000000    72.000000    63.000000    58.000000
       158     3.202847     1.000000    72.000000    63.000000    58.000000
       159     3.200469     1.000000    72.000000    63.000000    58.000000
       160     3.196643     1.000000    72.000000    63.000000    58.000000
       161     3.191415     1.000000    72.000000    63.000000    58.000000
       162     3.184901     1.000000    72.000000    63.000000    58.000000
       163     3.177417     1.000000    72.000000    63.000000    58.000000
       164     3.169207     1.000000    72.000000    63.000000    58.000000
       165     3.160552     1.000000    72.000000    63.000000    58.000000
       166     3.151657     1.000000    72.000000    63.000000    58.000000
       167     3.142638     1.000000    72.000000    63.000000    58.000000
       168     3.133740     1.000000    72.000000    63.000000    58.000000
       169     3.124964     1.000000    72.000000    63.000000    58.000000
       170     3.116331     1.000000    72.000000    63.000000    58.000000
       171     3.107889     1.000000    72.000000    63.000000    58.000000
       172     3.099421     1.000000    72.000000    63.000000    58.000000
       173     3.091003     1.000000    72.000000    63.000000    58.000000
       174     3.082533     1.000000    72.000000    63.000000    58.000000
       175     3.073784     1.000000    72.000000    63.000000    58.000000
       176     3.064686     1.000000    72.000000    63.000000    58.000000
       177     3.054947     1.000000    72.000000    63.000000    58.000000
       178     3.044444     1.000000    72.000000    63.000000    58.000000
       179     3.033029     1.000000    72.000000    63.000000    58.000000
       180     3.020330     1.000000    72.000000    63.000000    58.000000
       181     1.361214     1.000000    72.000000    66.000000    67.000000
       182     1.335267     1.000000    72.000000    66.000000    67.000000
       183     1.313707     0.000000    -1.000000    -1.000000    -1.000000
       184     1.288317     0.000000    -1.000000    -1.000000    -1.000000
       185     1.258947     0.000000    -1.000000    -1.000000    -1.000000
       186     1.225287     0.000000    -1.000000    -1.000000    -1.000000
       187     1.187106     0.000000    -1.000000    -1.000000    -1.000000
       188     1.144757     0.000000    -1.000000    -1.000000    -1.000000
       189     1.098993     0.000000    -1.000000    -1.000000    -1.000000
       190     1.069587     0.000000    -1.000000    -1.000000    -1.000000
