0    -0.100149
1    -0.099864
2    -0.099591
3    -0.099324
4    -0.099064
5    -0.098805
6    -0.098556
7    -0.098322
8    -0.098089
9    -0.097851
10    -0.097604
11    -0.097357
12    -0.097109
13    -0.096860
14    -0.096612
15    -0.096363
16    -0.096099
17    -0.095838
18    -0.095592
19    -0.095358
20    -0.095142
21    -0.094931
22    -0.094715
23    -0.094490
24    -0.094273
25    -0.094051
26    -0.093833
27    -0.093623
28    -0.093409
29    -0.093207
30    -0.093002
31    -0.092788
32    -0.092574
33    -0.092364
34    -0.092163
35    -0.091962
36    -0.091774
37    -0.091595
38    -0.091416
39    -0.091238
40    -0.091066
41    -0.090887
42    -0.090703
43    -0.090507
44    -0.090315
45    -0.090130
46    -0.089953
47    -0.089775
48    -0.089590
49    -0.089405
50    -0.089207
51    -0.089016
52    -0.088833
53    -0.088633
54    -0.088422
55    -0.088209
56    -0.087986
57    -0.087762
58    -0.087536
59    -0.087317
60    -0.087096
61    -0.086874
62    -0.086651
63    -0.086433
64    -0.086209
65    -0.085984
66    -0.085756
67    -0.085522
68    -0.085286
69    -0.085057
70    -0.084828
71    -0.084588
72    -0.084360
73    -0.084146
74    -0.083935
75    -0.083740
76    -0.083550
77    -0.083357
78    -0.083157
79    -0.082961
80    -0.082771
81    -0.082588
82    -0.082413
83    -0.082231
84    -0.082048
85    -0.081867
86    -0.081695
87    -0.081529
88    -0.081363
89    -0.081207
90    -0.081054
91    -0.080893
92    -0.080724
93    -0.080552
94    -0.080377
95    -0.080209
96    -0.080039
97    -0.079865
98    -0.079689
99    -0.079513
100    -0.079321
101    -0.079117
102    -0.078895
103    -0.078678
104    -0.078463
105    -0.078247
106    -0.078038
107    -0.077834
108    -0.077629
109    -0.077421
110    -0.077211
111    -0.077005
112    -0.076787
113    -0.076566
114    -0.076341
115    -0.076116
116    -0.075900
117    -0.075687
118    -0.075475
119    -0.075269
120    -0.075069
121    -0.074872
122    -0.074673
123    -0.074479
124    -0.074286
125    -0.074092
126    -0.073900
127    -0.073709
128    -0.073506
129    -0.073297
130    -0.073091
131    -0.072887
132    -0.072699
133    -0.072514
134    -0.072319
135    -0.072119
136    -0.071918
137    -0.071721
138    -0.071520
139    -0.071316
140    -0.071108
141    -0.070897
142    -0.070692
143    -0.070494
144    -0.070291
145    -0.070089
146    -0.069890
147    -0.069689
148    -0.069486
149    -0.069289
150    -0.069087
151    -0.068879
152    -0.068663
153    -0.068439
154    -0.068220
155    -0.068001
156    -0.067781
157    -0.067553
158    -0.067321
159    -0.067081
160    -0.066832
161    -0.066576
162    -0.066324
163    -0.066068
164    -0.065825
165    -0.065589
166    -0.065358
167    -0.065125
168    -0.064900
169    -0.064685
170    -0.064475
171    -0.064275
172    -0.064086
173    -0.063916
174    -0.063749
175    -0.063581
176    -0.063423
177    -0.063268
178    -0.063123
179    -0.062969
180    -0.062809
181    -0.062655
182    -0.062486
183    -0.062311
184    -0.062130
185    -0.061939
186    -0.061739
187    -0.061548
188    -0.061358
189    -0.061160
190    -0.060957
191    -0.060749
192    -0.060543
193    -0.060345
194    -0.060139
195    -0.059934
196    -0.059732
197    -0.059533
198    -0.059344
199    -0.059153
200    -0.058968
201    -0.058782
202    -0.058587
203    -0.058402
204    -0.058220
205    -0.058036
206    -0.057851
207    -0.057671
208    -0.057492
209    -0.057311
210    -0.057136
211    -0.056975
212    -0.056828
213    -0.056697
214    -0.056573
215    -0.056448
216    -0.056317
217    -0.056195
218    -0.056080
219    -0.055963
220    -0.055853
221    -0.055732
222    -0.055624
223    -0.055540
224    -0.055463
225    -0.055386
226    -0.055307
227    -0.055236
228    -0.055166
229    -0.055094
230    -0.055028
231    -0.054963
232    -0.054885
233    -0.054810
234    -0.054743
235    -0.054693
236    -0.054649
237    -0.054593
238    -0.054532
239    -0.054474
240    -0.054416
241    -0.054362
242    -0.054310
243    -0.054250
244    -0.054193
245    -0.054138
246    -0.054087
247    -0.054033
248    -0.053982
249    -0.053936
250    -0.053887
251    -0.053842
252    -0.053808
253    -0.053778
254    -0.053752
255    -0.053732
256    -0.053730
257    -0.053713
258    -0.053689
259    -0.053667
260    -0.053646
261    -0.053634
262    -0.053631
263    -0.053628
264    -0.053640
265    -0.053668
266    -0.053706
267    -0.053746
268    -0.053769
269    -0.053776
270    -0.053768
271    -0.053756
272    -0.053752
273    -0.053759
274    -0.053772
275    -0.053789
276    -0.053814
277    -0.053833
278    -0.053846
279    -0.053846
280    -0.053850
281    -0.053852
282    -0.053850
283    -0.053854
284    -0.053858
285    -0.053844
286    -0.053822
287    -0.053801
288    -0.053779
289    -0.053764
290    -0.053748
291    -0.053728
292    -0.053706
293    -0.053686
294    -0.053674
295    -0.053668
296    -0.053650
297    -0.053625
298    -0.053594
299    -0.053547
300    -0.053499
301    -0.053460
302    -0.053416
303    -0.053369
304    -0.053322
305    -0.053278
306    -0.053240
307    -0.053206
308    -0.053164
309    -0.053119
310    -0.053074
311    -0.053021
312    -0.052953
313    -0.052874
314    -0.052786
315    -0.052693
316    -0.052612
317    -0.052531
318    -0.052451
319    -0.052381
320    -0.052315
321    -0.052259
322    -0.052208
323    -0.052166
324    -0.052113
325    -0.052057
326    -0.052007
327    -0.051957
328    -0.051904
329    -0.051851
330    -0.051794
331    -0.051735
332    -0.051666
333    -0.051589
334    -0.051518
335    -0.051451
336    -0.051379
337    -0.051309
338    -0.051252
339    -0.051194
340    -0.051140
341    -0.051095
342    -0.051053
343    -0.051009
344    -0.050957
345    -0.050898
346    -0.050838
347    -0.050787
348    -0.050746
349    -0.050718
350    -0.050694
351    -0.050665
352    -0.050640
353    -0.050603
354    -0.050567
355    -0.050527
356    -0.050476
357    -0.050417
358    -0.050363
359    -0.050304
360    -0.050239
361    -0.050166
362    -0.050092
363    -0.050017
364    -0.049950
365    -0.049893
366    -0.049847
367    -0.049808
368    -0.049754
369    -0.049692
370    -0.049626
371    -0.049564
372    -0.049504
373    -0.049445
374    -0.049400
375    -0.049360
376    -0.049320
377    -0.049280
378    -0.049232
379    -0.049177
380    -0.049121
381    -0.049071
382    -0.049021
383    -0.048964
384    -0.048906
385    -0.048851
386    -0.048794
387    -0.048750
388    -0.048715
389    -0.048686
390    -0.048654
391    -0.048621
392    -0.048583
393    -0.048541
394    -0.048480
395    -0.048410
396    -0.048339
397    -0.048265
398    -0.048183
399    -0.048101
400    -0.048023
401    -0.047952
402    -0.047880
403    -0.047813
404    -0.047760
405    -0.047704
406    -0.047640
407    -0.047575
408    -0.047501
409    -0.047419
410    -0.047340
411    -0.047266
412    -0.047206
413    -0.047136
414    -0.047067
415    -0.046996
416    -0.046932
417    -0.046871
418    -0.046807
419    -0.046747
420    -0.046684
421    -0.046611
422    -0.046550
423    -0.046493
424    -0.046430
425    -0.046373
426    -0.046320
427    -0.046250
428    -0.046166
429    -0.046080
430    -0.045993
431    -0.045894
432    -0.045789
433    -0.045688
434    -0.045599
435    -0.045515
436    -0.045437
437    -0.045353
438    -0.045277
439    -0.045196
440    -0.045115
441    -0.045031
442    -0.044941
443    -0.044851
444    -0.044773
445    -0.044697
446    -0.044623
447    -0.044559
448    -0.044506
449    -0.044453
450    -0.044397
451    -0.044333
452    -0.044267
453    -0.044196
454    -0.044126
455    -0.044046
456    -0.043963
457    -0.043889
458    -0.043816
459    -0.043732
460    -0.043653
461    -0.043570
462    -0.043485
463    -0.043410
464    -0.043338
465    -0.043263
466    -0.043189
467    -0.043121
468    -0.043056
469    -0.042989
470    -0.042921
471    -0.042837
472    -0.042732
473    -0.042629
474    -0.042527
475    -0.042426
476    -0.042326
477    -0.042233
478    -0.042151
479    -0.042082
480    -0.042019
481    -0.041952
482    -0.041884
483    -0.041826
484    -0.041772
485    -0.041710
486    -0.041654
487    -0.041609
488    -0.041571
489    -0.041529
490    -0.041487
491    -0.041443
492    -0.041388
493    -0.041332
494    -0.041276
495    -0.041215
496    -0.041151
497    -0.041089
498    -0.041019
499    -0.040956
500    -0.040905
501    -0.040846
502    -0.040774
503    -0.040697
504    -0.040628
505    -0.040569
506    -0.040509
507    -0.040452
508    -0.040396
509    -0.040338
510    -0.040277
511    -0.040225
512    -0.040183
513    -0.040153
514    -0.040131
515    -0.040109
516    -0.040093
517    -0.040088
518    -0.040085
519    -0.040096
520    -0.040121
521    -0.040144
522    -0.040165
523    -0.040170
524    -0.040170
525    -0.040169
526    -0.040167
527    -0.040158
528    -0.040137
529    -0.040125
530    -0.040123
531    -0.040132
532    -0.040143
533    -0.040148
534    -0.040158
535    -0.040182
536    -0.040206
537    -0.040239
538    -0.040276
539    -0.040300
540    -0.040323
541    -0.040354
542    -0.040384
543    -0.040415
544    -0.040442
545    -0.040468
546    -0.040499
547    -0.040534
548    -0.040560
549    -0.040588
550    -0.040621
551    -0.040657
552    -0.040693
553    -0.040718
554    -0.040744
555    -0.040762
556    -0.040772
557    -0.040769
558    -0.040764
559    -0.040755
560    -0.040751
561    -0.040744
562    -0.040732
563    -0.040712
564    -0.040684
565    -0.040660
566    -0.040641
567    -0.040621
568    -0.040593
569    -0.040578
570    -0.040565
571    -0.040540
572    -0.040515
573    -0.040503
574    -0.040491
575    -0.040487
576    -0.040489
577    -0.040481
578    -0.040467
579    -0.040459
580    -0.040462
581    -0.040472
582    -0.040490
583    -0.040506
584    -0.040512
585    -0.040505
586    -0.040481
587    -0.040462
588    -0.040451
589    -0.040444
590    -0.040445
591    -0.040440
592    -0.040434
593    -0.040415
594    -0.040401
595    -0.040395
596    -0.040379
597    -0.040362
598    -0.040349
599    -0.040339
600    -0.040325
601    -0.040329
602    -0.040347
603    -0.040359
604    -0.040367
605    -0.040377
606    -0.040392
607    -0.040399
608    -0.040405
609    -0.040413
610    -0.040419
611    -0.040427
612    -0.040445
613    -0.040470
614    -0.040498
615    -0.040515
616    -0.040514
617    -0.040503
618    -0.040489
619    -0.040485
620    -0.040490
621    -0.040487
622    -0.040475
623    -0.040455
624    -0.040420
625    -0.040381
626    -0.040344
627    -0.040314
628    -0.040280
629    -0.040235
630    -0.040191
631    -0.040153
632    -0.040136
633    -0.040131
634    -0.040127
635    -0.040122
636    -0.040110
637    -0.040096
638    -0.040083
639    -0.040066
640    -0.040050
641    -0.040034
642    -0.040007
643    -0.039978
644    -0.039957
645    -0.039947
646    -0.039946
647    -0.039940
648    -0.039938
649    -0.039946
650    -0.039954
651    -0.039966
652    -0.039978
653    -0.039993
654    -0.039991
655    -0.039980
656    -0.039968
657    -0.039945
658    -0.039930
659    -0.039925
660    -0.039930
661    -0.039949
662    -0.039966
663    -0.039986
664    -0.040003
665    -0.040004
666    -0.040000
667    -0.039999
668    -0.039992
669    -0.039972
670    -0.039946
671    -0.039928
672    -0.039912
673    -0.039892
674    -0.039871
675    -0.039857
676    -0.039852
677    -0.039838
678    -0.039830
679    -0.039822
680    -0.039807
681    -0.039787
682    -0.039762
683    -0.039752
684    -0.039738
685    -0.039729
686    -0.039725
687    -0.039714
688    -0.039700
689    -0.039688
690    -0.039672
691    -0.039645
692    -0.039612
693    -0.039573
694    -0.039535
695    -0.039497
696    -0.039458
697    -0.039438
698    -0.039421
699    -0.039393
700    -0.039370
701    -0.039350
702    -0.039342
703    -0.039329
704    -0.039317
705    -0.039299
706    -0.039267
707    -0.039224
708    -0.039174
709    -0.039128
710    -0.039097
711    -0.039073
712    -0.039048
713    -0.039029
714    -0.039009
715    -0.038989
716    -0.038953
717    -0.038919
718    -0.038899
719    -0.038879
720    -0.038859
721    -0.038826
722    -0.038770
723    -0.038701
724    -0.038621
725    -0.038543
726    -0.038463
727    -0.038386
728    -0.038316
729    -0.038259
730    -0.038204
731    -0.038145
732    -0.038094
733    -0.038052
734    -0.038004
735    -0.037950
736    -0.037893
737    -0.037837
738    -0.037791
739    -0.037759
740    -0.037731
741    -0.037708
742    -0.037685
743    -0.037661
744    -0.037633
745    -0.037606
746    -0.037582
747    -0.037571
748    -0.037567
749    -0.037567
750    -0.037566
751    -0.037569
752    -0.037567
753    -0.037558
754    -0.037545
755    -0.037523
756    -0.037499
757    -0.037465
758    -0.037422
759    -0.037388
760    -0.037366
761    -0.037350
762    -0.037327
763    -0.037289
764    -0.037234
765    -0.037176
766    -0.037129
767    -0.037087
768    -0.037053
769    -0.037002
770    -0.036946
771    -0.036877
772    -0.036807
773    -0.036728
774    -0.036649
775    -0.036571
776    -0.036483
777    -0.036395
778    -0.036309
779    -0.036225
780    -0.036148
781    -0.036075
782    -0.036004
783    -0.035929
784    -0.035859
785    -0.035796
786    -0.035735
787    -0.035687
788    -0.035616
789    -0.035537
790    -0.035459
791    -0.035375
792    -0.035284
793    -0.035191
794    -0.035099
795    -0.035014
796    -0.034926
797    -0.034839
798    -0.034745
799    -0.034654
800    -0.034567
801    -0.034477
802    -0.034387
803    -0.034295
804    -0.034187
805    -0.034089
806    -0.033987
807    -0.033887
808    -0.033784
809    -0.033678
810    -0.033561
811    -0.033443
812    -0.033319
813    -0.033212
814    -0.033103
815    -0.033000
816    -0.032901
817    -0.032815
818    -0.032733
819    -0.032638
820    -0.032539
821    -0.032454
822    -0.032375
823    -0.032293
824    -0.032206
825    -0.032111
826    -0.032008
827    -0.031911
828    -0.031813
829    -0.031718
830    -0.031628
831    -0.031543
832    -0.031462
833    -0.031380
834    -0.031297
835    -0.031211
836    -0.031121
837    -0.031023
838    -0.030927
839    -0.030845
840    -0.030771
841    -0.030700
842    -0.030636
843    -0.030578
844    -0.030525
845    -0.030478
846    -0.030433
847    -0.030389
848    -0.030351
849    -0.030308
850    -0.030270
851    -0.030232
852    -0.030202
853    -0.030168
854    -0.030146
855    -0.030132
856    -0.030105
857    -0.030078
858    -0.030054
859    -0.030031
860    -0.030020
861    -0.030015
862    -0.030010
863    -0.030012
864    -0.030023
865    -0.030038
866    -0.030045
867    -0.030051
868    -0.030060
869    -0.030075
870    -0.030093
871    -0.030111
872    -0.030124
873    -0.030137
874    -0.030154
875    -0.030181
876    -0.030211
877    -0.030230
878    -0.030243
879    -0.030259
880    -0.030268
881    -0.030280
882    -0.030283
883    -0.030297
884    -0.030322
885    -0.030348
886    -0.030369
887    -0.030388
888    -0.030405
889    -0.030414
890    -0.030425
891    -0.030435
892    -0.030427
893    -0.030418
894    -0.030402
895    -0.030396
896    -0.030376
897    -0.030365
898    -0.030372
899    -0.030381
900    -0.030394
901    -0.030416
902    -0.030444
903    -0.030490
904    -0.030535
905    -0.030575
906    -0.030610
907    -0.030636
908    -0.030656
909    -0.030661
910    -0.030661
911    -0.030657
912    -0.030648
913    -0.030638
914    -0.030624
915    -0.030605
916    -0.030581
917    -0.030561
918    -0.030533
919    -0.030504
920    -0.030477
921    -0.030447
922    -0.030426
923    -0.030404
924    -0.030379
925    -0.030346
926    -0.030323
927    -0.030303
928    -0.030285
929    -0.030265
930    -0.030246
931    -0.030216
932    -0.030176
933    -0.030139
934    -0.030100
935    -0.030059
936    -0.030029
937    -0.030005
938    -0.029987
939    -0.029961
940    -0.029931
941    -0.029900
942    -0.029861
943    -0.029821
944    -0.029783
945    -0.029746
946    -0.029709
947    -0.029677
948    -0.029636
949    -0.029585
950    -0.029539
951    -0.029501
952    -0.029466
953    -0.029436
954    -0.029410
955    -0.029366
956    -0.029304
957    -0.029231
958    -0.029161
959    -0.029087
960    -0.029013
961    -0.028934
962    -0.028851
963    -0.028754
964    -0.028652
965    -0.028560
966    -0.028466
967    -0.028367
968    -0.028267
969    -0.028169
970    -0.028073
971    -0.027975
972    -0.027868
973    -0.027750
974    -0.027618
975    -0.027479
976    -0.027335
977    -0.027188
978    -0.027040
979    -0.026904
980    -0.026767
981    -0.026620
982    -0.026488
983    -0.026367
984    -0.026246
985    -0.026134
986    -0.026016
987    -0.025895
988    -0.025779
989    -0.025653
990    -0.025504
991    -0.025353
992    -0.025207
993    -0.025064
994    -0.024923
995    -0.024782
996    -0.024643
997    -0.024501
998    -0.024350
999    -0.024186
1000    -0.024019
1001    -0.023858
1002    -0.023692
1003    -0.023517
1004    -0.023336
1005    -0.023157
1006    -0.022976
1007    -0.022801
1008    -0.022632
1009    -0.022473
1010    -0.022324
1011    -0.022171
1012    -0.022024
1013    -0.021880
1014    -0.021741
1015    -0.021610
1016    -0.021473
1017    -0.021330
1018    -0.021182
1019    -0.021033
1020    -0.020888
1021    -0.020740
1022    -0.020588
1023    -0.020443
1024    -0.020291
1025    -0.020141
1026    -0.019989
1027    -0.019837
1028    -0.019695
1029    -0.019562
1030    -0.019439
1031    -0.019318
1032    -0.019188
1033    -0.019062
1034    -0.018923
1035    -0.018773
1036    -0.018619
1037    -0.018460
1038    -0.018295
1039    -0.018119
1040    -0.017943
1041    -0.017768
1042    -0.017597
1043    -0.017436
1044    -0.017265
1045    -0.017094
1046    -0.016919
1047    -0.016756
1048    -0.016603
1049    -0.016444
1050    -0.016281
1051    -0.016118
1052    -0.015957
1053    -0.015786
1054    -0.015610
1055    -0.015439
1056    -0.015266
1057    -0.015094
1058    -0.014917
1059    -0.014741
1060    -0.014569
1061    -0.014406
1062    -0.014244
1063    -0.014075
1064    -0.013908
1065    -0.013744
1066    -0.013575
1067    -0.013399
1068    -0.013218
1069    -0.013039
1070    -0.012871
1071    -0.012715
1072    -0.012563
1073    -0.012411
1074    -0.012251
1075    -0.012091
1076    -0.011930
1077    -0.011755
1078    -0.011568
1079    -0.011368
1080    -0.011157
1081    -0.010958
1082    -0.010769
1083    -0.010571
1084    -0.010379
1085    -0.010189
1086    -0.009988
1087    -0.009793
1088    -0.009620
1089    -0.009460
1090    -0.009294
1091    -0.009130
1092    -0.008960
1093    -0.008782
1094    -0.008608
1095    -0.008444
1096    -0.008288
1097    -0.008129
1098    -0.007982
1099    -0.007827
1100    -0.007670
1101    -0.007521
1102    -0.007377
1103    -0.007238
1104    -0.007103
1105    -0.006972
1106    -0.006849
1107    -0.006716
1108    -0.006585
1109    -0.006458
1110    -0.006334
1111    -0.006207
1112    -0.006080
1113    -0.005938
1114    -0.005800
1115    -0.005654
1116    -0.005503
1117    -0.005362
1118    -0.005225
1119    -0.005086
1120    -0.004942
1121    -0.004806
1122    -0.004682
1123    -0.004557
1124    -0.004445
1125    -0.004329
1126    -0.004208
1127    -0.004086
1128    -0.003957
1129    -0.003820
1130    -0.003688
1131    -0.003569
1132    -0.003453
1133    -0.003332
1134    -0.003215
1135    -0.003107
1136    -0.003001
1137    -0.002886
1138    -0.002771
1139    -0.002653
1140    -0.002529
1141    -0.002399
1142    -0.002268
1143    -0.002134
1144    -0.001992
1145    -0.001850
1146    -0.001714
1147    -0.001581
1148    -0.001452
1149    -0.001317
1150    -0.001182
1151    -0.001047
1152    -0.000915
1153    -0.000786
1154    -0.000656
1155    -0.000539
1156    -0.000433
1157    -0.000317
1158    -0.000196
1159    -0.000073
1160     0.000050
1161     0.000175
1162     0.000303
1163     0.000424
1164     0.000540
1165     0.000656
1166     0.000773
1167     0.000893
1168     0.001009
1169     0.001136
1170     0.001265
1171     0.001409
1172     0.001552
1173     0.001697
1174     0.001829
1175     0.001959
1176     0.002073
1177     0.002182
1178     0.002285
1179     0.002379
1180     0.002480
1181     0.002577
1182     0.002684
1183     0.002785
1184     0.002885
1185     0.002971
1186     0.003053
1187     0.003127
1188     0.003198
1189     0.003268
1190     0.003331
1191     0.003388
1192     0.003437
1193     0.003482
1194     0.003522
1195     0.003569
1196     0.003629
1197     0.003691
1198     0.003752
1199     0.003811
1200     0.003869
1201     0.003934
1202     0.003990
1203     0.004039
1204     0.004079
1205     0.004119
1206     0.004150
1207     0.004166
1208     0.004168
1209     0.004154
1210     0.004132
1211     0.004109
1212     0.004089
1213     0.004075
1214     0.004061
1215     0.004058
1216     0.004057
1217     0.004061
1218     0.004067
1219     0.004076
1220     0.004100
1221     0.004128
1222     0.004160
1223     0.004189
1224     0.004208
1225     0.004224
1226     0.004231
1227     0.004232
1228     0.004220
1229     0.004204
1230     0.004193
1231     0.004186
1232     0.004187
1233     0.004188
1234     0.004177
1235     0.004147
1236     0.004125
1237     0.004107
1238     0.004082
1239     0.004052
1240     0.004015
1241     0.003984
1242     0.003955
1243     0.003920
1244     0.003877
1245     0.003831
1246     0.003792
1247     0.003757
1248     0.003721
1249     0.003682
1250     0.003638
1251     0.003605
1252     0.003560
1253     0.003513
1254     0.003448
1255     0.003381
1256     0.003315
1257     0.003245
1258     0.003164
1259     0.003070
1260     0.002975
1261     0.002881
1262     0.002785
1263     0.002683
1264     0.002575
1265     0.002475
1266     0.002373
1267     0.002279
1268     0.002182
1269     0.002095
1270     0.002029
1271     0.001969
1272     0.001904
1273     0.001834
1274     0.001761
1275     0.001698
1276     0.001630
1277     0.001542
1278     0.001464
1279     0.001393
1280     0.001308
1281     0.001219
1282     0.001122
1283     0.001029
1284     0.000947
1285     0.000870
1286     0.000796
1287     0.000713
1288     0.000626
1289     0.000541
1290     0.000457
1291     0.000375
1292     0.000293
1293     0.000209
1294     0.000136
1295     0.000068
1296     0.000015
1297    -0.000026
1298    -0.000069
1299    -0.000116
1300    -0.000156
1301    -0.000197
1302    -0.000242
1303    -0.000293
1304    -0.000345
1305    -0.000394
1306    -0.000445
1307    -0.000504
1308    -0.000562
1309    -0.000612
1310    -0.000670
1311    -0.000720
1312    -0.000771
1313    -0.000822
1314    -0.000880
1315    -0.000928
1316    -0.000976
1317    -0.001026
1318    -0.001077
1319    -0.001127
1320    -0.001174
1321    -0.001221
1322    -0.001283
1323    -0.001350
1324    -0.001416
1325    -0.001492
1326    -0.001569
1327    -0.001662
1328    -0.001762
1329    -0.001869
1330    -0.001977
1331    -0.002075
1332    -0.002166
1333    -0.002258
1334    -0.002353
1335    -0.002441
1336    -0.002532
1337    -0.002634
1338    -0.002735
1339    -0.002840
1340    -0.002944
1341    -0.003054
1342    -0.003165
1343    -0.003282
1344    -0.003414
1345    -0.003535
1346    -0.003649
1347    -0.003760
1348    -0.003868
1349    -0.003974
1350    -0.004080
1351    -0.004181
1352    -0.004272
1353    -0.004365
1354    -0.004462
1355    -0.004564
1356    -0.004666
1357    -0.004770
1358    -0.004900
1359    -0.005037
1360    -0.005178
1361    -0.005317
1362    -0.005458
1363    -0.005600
1364    -0.005748
1365    -0.005880
1366    -0.006009
1367    -0.006138
1368    -0.006263
1369    -0.006395
1370    -0.006527
1371    -0.006663
1372    -0.006796
1373    -0.006932
1374    -0.007073
1375    -0.007219
1376    -0.007366
1377    -0.007520
1378    -0.007680
1379    -0.007832
1380    -0.007986
1381    -0.008152
1382    -0.008330
1383    -0.008509
1384    -0.008684
1385    -0.008849
1386    -0.009021
1387    -0.009192
1388    -0.009361
1389    -0.009519
1390    -0.009668
1391    -0.009819
1392    -0.009980
1393    -0.010135
1394    -0.010285
1395    -0.010440
1396    -0.010597
1397    -0.010765
1398    -0.010927
1399    -0.011079
1400    -0.011244
1401    -0.011429
1402    -0.011612
1403    -0.011782
1404    -0.011946
1405    -0.012109
1406    -0.012272
1407    -0.012440
1408    -0.012612
1409    -0.012783
1410    -0.012959
1411    -0.013133
1412    -0.013307
1413    -0.013486
1414    -0.013668
1415    -0.013844
1416    -0.014016
1417    -0.014185
1418    -0.014358
1419    -0.014528
1420    -0.014703
1421    -0.014888
1422    -0.015068
1423    -0.015250
1424    -0.015433
1425    -0.015603
1426    -0.015773
1427    -0.015947
1428    -0.016115
1429    -0.016286
1430    -0.016463
1431    -0.016638
1432    -0.016800
1433    -0.016963
1434    -0.017121
1435    -0.017284
1436    -0.017448
1437    -0.017609
1438    -0.017762
1439    -0.017920
1440    -0.018078
1441    -0.018238
1442    -0.018395
1443    -0.018549
1444    -0.018700
1445    -0.018862
1446    -0.019026
1447    -0.019191
1448    -0.019366
1449    -0.019535
1450    -0.019698
1451    -0.019863
1452    -0.020038
1453    -0.020217
1454    -0.020397
1455    -0.020591
1456    -0.020785
1457    -0.020989
1458    -0.021189
1459    -0.021391
1460    -0.021597
1461    -0.021801
1462    -0.022005
1463    -0.022211
1464    -0.022416
1465    -0.022629
1466    -0.022847
1467    -0.023060
1468    -0.023267
1469    -0.023466
1470    -0.023664
1471    -0.023870
1472    -0.024087
1473    -0.024311
1474    -0.024537
1475    -0.024758
1476    -0.024983
1477    -0.025214
1478    -0.025446
1479    -0.025684
1480    -0.025936
1481    -0.026201
1482    -0.026466
1483    -0.026738
1484    -0.027006
1485    -0.027267
1486    -0.027526
1487    -0.027775
1488    -0.028013
1489    -0.028257
1490    -0.028503
1491    -0.028735
1492    -0.028950
1493    -0.029162
1494    -0.029377
1495    -0.029586
1496    -0.029804
1497    -0.030031
1498    -0.030256
1499    -0.030477
1500    -0.030702
1501    -0.030923
1502    -0.031145
1503    -0.031381
1504    -0.031618
1505    -0.031849
1506    -0.032091
1507    -0.032341
1508    -0.032592
1509    -0.032855
1510    -0.033115
1511    -0.033370
1512    -0.033625
1513    -0.033874
1514    -0.034114
1515    -0.034349
1516    -0.034586
1517    -0.034827
1518    -0.035073
1519    -0.035318
1520    -0.035564
1521    -0.035807
1522    -0.036047
1523    -0.036289
1524    -0.036532
1525    -0.036770
1526    -0.037002
1527    -0.037230
1528    -0.037466
1529    -0.037699
1530    -0.037937
1531    -0.038172
1532    -0.038408
1533    -0.038640
1534    -0.038875
1535    -0.039095
1536    -0.039306
1537    -0.039510
1538    -0.039715
1539    -0.039918
1540    -0.040133
1541    -0.040354
1542    -0.040575
1543    -0.040792
1544    -0.041007
1545    -0.041215
1546    -0.041431
1547    -0.041649
1548    -0.041865
1549    -0.042074
1550    -0.042279
1551    -0.042488
1552    -0.042695
1553    -0.042895
1554    -0.043088
1555    -0.043267
1556    -0.043435
1557    -0.043594
1558    -0.043756
1559    -0.043915
1560    -0.044076
1561    -0.044227
1562    -0.044381
1563    -0.044538
1564    -0.044693
1565    -0.044866
1566    -0.045047
1567    -0.045211
1568    -0.045384
1569    -0.045557
1570    -0.045731
1571    -0.045904
1572    -0.046084
1573    -0.046263
1574    -0.046442
1575    -0.046611
1576    -0.046796
1577    -0.046980
1578    -0.047172
1579    -0.047370
1580    -0.047568
1581    -0.047761
1582    -0.047956
1583    -0.048149
1584    -0.048334
1585    -0.048522
1586    -0.048725
1587    -0.048933
1588    -0.049132
1589    -0.049324
1590    -0.049527
1591    -0.049733
1592    -0.049931
1593    -0.050124
1594    -0.050312
1595    -0.050506
1596    -0.050705
1597    -0.050909
1598    -0.051104
1599    -0.051296
1600    -0.051491
1601    -0.051695
1602    -0.051892
1603    -0.052087
1604    -0.052272
1605    -0.052464
1606    -0.052661
1607    -0.052864
1608    -0.053071
1609    -0.053278
1610    -0.053483
1611    -0.053680
1612    -0.053877
1613    -0.054077
1614    -0.054277
1615    -0.054472
1616    -0.054680
1617    -0.054895
1618    -0.055105
1619    -0.055314
1620    -0.055533
1621    -0.055753
1622    -0.055987
1623    -0.056216
1624    -0.056438
1625    -0.056660
1626    -0.056882
1627    -0.057096
1628    -0.057315
1629    -0.057527
1630    -0.057749
1631    -0.057966
1632    -0.058179
1633    -0.058395
1634    -0.058613
1635    -0.058827
1636    -0.059054
1637    -0.059272
1638    -0.059490
1639    -0.059706
1640    -0.059911
1641    -0.060119
1642    -0.060333
1643    -0.060550
1644    -0.060769
1645    -0.060990
1646    -0.061219
1647    -0.061445
1648    -0.061668
1649    -0.061898
1650    -0.062117
1651    -0.062339
1652    -0.062564
1653    -0.062790
1654    -0.063020
1655    -0.063241
1656    -0.063458
1657    -0.063674
1658    -0.063893
1659    -0.064119
1660    -0.064348
1661    -0.064595
1662    -0.064829
1663    -0.065056
1664    -0.065290
1665    -0.065529
1666    -0.065771
1667    -0.066005
1668    -0.066235
1669    -0.066469
1670    -0.066700
1671    -0.066932
1672    -0.067157
1673    -0.067386
1674    -0.067617
1675    -0.067834
1676    -0.068042
1677    -0.068237
1678    -0.068433
1679    -0.068640
1680    -0.068850
1681    -0.069073
1682    -0.069310
1683    -0.069559
1684    -0.069813
1685    -0.070067
1686    -0.070310
1687    -0.070553
1688    -0.070797
1689    -0.071033
1690    -0.071266
1691    -0.071501
1692    -0.071732
1693    -0.071967
1694    -0.072212
1695    -0.072463
1696    -0.072710
1697    -0.072955
1698    -0.073194
1699    -0.073436
1700    -0.073660
1701    -0.073880
1702    -0.074104
1703    -0.074327
1704    -0.074552
1705    -0.074782
1706    -0.075020
1707    -0.075265
1708    -0.075502
1709    -0.075749
1710    -0.075992
1711    -0.076231
1712    -0.076476
1713    -0.076719
1714    -0.076963
1715    -0.077197
1716    -0.077417
1717    -0.077646
1718    -0.077865
1719    -0.078075
1720    -0.078285
1721    -0.078501
1722    -0.078717
1723    -0.078938
1724    -0.079164
1725    -0.079385
1726    -0.079601
1727    -0.079821
1728    -0.080038
1729    -0.080250
1730    -0.080475
1731    -0.080700
1732    -0.080928
1733    -0.081150
1734    -0.081361
1735    -0.081571
1736    -0.081785
1737    -0.081981
1738    -0.082166
1739    -0.082351
1740    -0.082531
1741    -0.082706
1742    -0.082880
1743    -0.083049
1744    -0.083221
1745    -0.083387
1746    -0.083539
1747    -0.083689
1748    -0.083838
1749    -0.083999
1750    -0.084175
1751    -0.084359
1752    -0.084548
1753    -0.084741
1754    -0.084939
1755    -0.085156
1756    -0.085366
1757    -0.085569
1758    -0.085774
1759    -0.085993
1760    -0.086219
1761    -0.086461
1762    -0.086711
1763    -0.086965
1764    -0.087218
1765    -0.087474
1766    -0.087727
1767    -0.087976
1768    -0.088227
1769    -0.088472
1770    -0.088721
1771    -0.088980
1772    -0.089234
1773    -0.089486
1774    -0.089726
1775    -0.089968
1776    -0.090218
1777    -0.090469
1778    -0.090719
1779    -0.090978
1780    -0.091240
1781    -0.091514
1782    -0.091797
1783    -0.092086
1784    -0.092368
1785    -0.092634
1786    -0.092904
1787    -0.093184
1788    -0.093460
1789    -0.093736
1790    -0.094009
1791    -0.094270
1792    -0.094542
1793    -0.094817
1794    -0.095083
1795    -0.095349
1796    -0.095603
1797    -0.095859
1798    -0.096119
1799    -0.096373
1800    -0.096630
1801    -0.096888
1802    -0.097149
1803    -0.097403
1804    -0.097646
1805    -0.097883
1806    -0.098120
1807    -0.098356
1808    -0.098586
1809    -0.098819
1810    -0.099044
1811    -0.099256
1812    -0.099462
1813    -0.099659
1814    -0.099866
1815    -0.100080
