# Cycle: 9985, status: ACC, move: ('wf', 9000, 2, 32)
#     Time      Potential        Kinetic
         0   -8241.539000      98.992707            nan            nan
         1   -8247.840400     105.215050            nan            nan
         2   -8251.722300     109.086110            nan            nan
         3   -8252.578600     109.983030            nan            nan
         4   -8250.686000     108.172430            nan            nan
         5   -8246.919200     104.504900            nan            nan
         6   -8242.439700     100.104290            nan            nan
         7   -8238.283100      96.011809            nan            nan
         8   -8235.223800      92.988976            nan            nan
         9   -8233.661300      91.426158            nan            nan
        10   -8233.423700      91.137581            nan            nan
        11   -8233.678800      91.326958            nan            nan
        12   -8233.377400      90.989372            nan            nan
        13   -8231.820500      89.430994            nan            nan
        14   -8228.936500      86.581775            nan            nan
        15   -8225.247100      82.952383            nan            nan
        16   -8221.594800      79.356243            nan            nan
        17   -8218.807400      76.608040            nan            nan
        18   -8217.479100      75.287597            nan            nan
        19   -8217.825800      75.622010            nan            nan
        20   -8219.688400      77.447508            nan            nan
        21   -8222.505200      80.222177            nan            nan
        22   -8225.495200      83.177214            nan            nan
        23   -8227.996500      85.685043            nan            nan
        24   -8229.821600      87.516840            nan            nan
        25   -8230.952100      88.634827            nan            nan
        26   -8231.359400      89.053459            nan            nan
        27   -8231.249100      88.974275            nan            nan
        28   -8231.067400      88.820648            nan            nan
        29   -8231.254300      89.006193            nan            nan
        30   -8231.838900      89.554880            nan            nan
        31   -8232.330400      89.995170            nan            nan
