# Cycle: 9988, status: ACC, move: ('wf', 9000, 2, 27)
#     Time      Potential        Kinetic
         0   -8228.499500      79.099708            nan            nan
         1   -8229.257300      79.806748            nan            nan
         2   -8231.310400      81.817597            nan            nan
         3   -8233.811600      84.298653            nan            nan
         4   -8236.171600      86.629929            nan            nan
         5   -8237.836900      88.284977            nan            nan
         6   -8238.404600      88.856277            nan            nan
         7   -8237.694100      88.166925            nan            nan
         8   -8235.826400      86.347275            nan            nan
         9   -8233.245000      83.813635            nan            nan
        10   -8230.505500      81.119374            nan            nan
        11   -8228.136800      78.774818            nan            nan
        12   -8226.518500      77.174407            nan            nan
        13   -8225.867400      76.518146            nan            nan
        14   -8226.083400      76.707433            nan            nan
        15   -8226.790900      77.380653            nan            nan
        16   -8227.492000      78.052804            nan            nan
        17   -8227.827200      78.388859            nan            nan
        18   -8227.908500      78.500543            nan            nan
        19   -8228.304900      78.928570            nan            nan
        20   -8229.590900      80.215024            nan            nan
        21   -8231.807900      82.399820            nan            nan
        22   -8234.455500      85.006452            nan            nan
        23   -8236.845500      87.356358            nan            nan
        24   -8238.292600      88.761788            nan            nan
        25   -8238.230400      88.690708            nan            nan
        26   -8236.494400      86.970527            nan            nan
