# Cycle: 9933, status: ACC, move: ('wf', 9000, 2, 64)
#     Time      Potential        Kinetic
         0   -8248.616500      95.479745            nan            nan
         1   -8247.468800      94.358351            nan            nan
         2   -8243.893000      90.856743            nan            nan
         3   -8238.854300      85.891998            nan            nan
         4   -8233.639000      80.737960            nan            nan
         5   -8229.481100      76.610674            nan            nan
         6   -8227.111200      74.235246            nan            nan
         7   -8226.675200      73.786032            nan            nan
         8   -8228.126000      75.222992            nan            nan
         9   -8231.079200      78.072829            nan            nan
        10   -8234.078000      80.992705            nan            nan
        11   -8235.860800      82.780392            nan            nan
        12   -8236.223800      83.150937            nan            nan
        13   -8235.458500      82.438468            nan            nan
        14   -8234.286400      81.324776            nan            nan
        15   -8233.543600      80.627060            nan            nan
        16   -8233.911500      81.013983            nan            nan
        17   -8235.647300      82.716148            nan            nan
        18   -8238.378600      85.386706            nan            nan
        19   -8241.268700      88.202572            nan            nan
        20   -8243.311100      90.183697            nan            nan
        21   -8243.696300      90.522506            nan            nan
        22   -8241.993900      88.812774            nan            nan
        23   -8238.450800      85.326459            nan            nan
        24   -8234.200100      81.148109            nan            nan
        25   -8230.531700      77.504648            nan            nan
        26   -8228.011400      74.994195            nan            nan
        27   -8226.827000      73.814235            nan            nan
        28   -8227.125600      74.111639            nan            nan
        29   -8228.818300      75.779258            nan            nan
        30   -8231.447900      78.383227            nan            nan
        31   -8234.467500      81.374625            nan            nan
        32   -8237.343900      84.240420            nan            nan
        33   -8239.719900      86.610132            nan            nan
        34   -8241.352700      88.249116            nan            nan
        35   -8242.134800      89.035795            nan            nan
        36   -8242.018200      88.921895            nan            nan
        37   -8240.986100      87.875819            nan            nan
        38   -8239.041700      85.944755            nan            nan
        39   -8236.457300      83.382544            nan            nan
        40   -8233.740200      80.705180            nan            nan
        41   -8231.652000      78.660429            nan            nan
        42   -8230.953300      77.975424            nan            nan
        43   -8231.979400      78.963485            nan            nan
        44   -8234.324600      81.225773            nan            nan
        45   -8237.133300      84.030922            nan            nan
        46   -8240.467300      87.375088            nan            nan
        47   -8244.295700      91.089997            nan            nan
        48   -8247.071400      93.846990            nan            nan
        49   -8248.170400      94.989661            nan            nan
        50   -8247.968000      94.841366            nan            nan
        51   -8246.955400      93.858060            nan            nan
        52   -8245.454400      92.381046            nan            nan
        53   -8243.723500      90.664772            nan            nan
        54   -8241.949100      88.918326            nan            nan
        55   -8240.321400      87.309580            nan            nan
        56   -8238.940500      85.941329            nan            nan
        57   -8237.825900      84.844889            nan            nan
        58   -8237.029500      84.027374            nan            nan
        59   -8236.492400      83.493287            nan            nan
        60   -8236.208500      83.240432            nan            nan
        61   -8236.265900      83.301685            nan            nan
        62   -8236.751200      83.787862            nan            nan
        63   -8237.786000      84.809324            nan            nan
