# Cycle: 9933, status: ACC, move: ('wf', 9000, 2, 64)
#     Time       Orderp
         0     1.067438     0.000000    -1.000000    -1.000000    -1.000000
         1     1.082515     0.000000    -1.000000    -1.000000    -1.000000
         2     1.128022     0.000000    -1.000000    -1.000000    -1.000000
         3     1.175351     0.000000    -1.000000    -1.000000    -1.000000
         4     1.217549     0.000000    -1.000000    -1.000000    -1.000000
         5     1.253219     0.000000    -1.000000    -1.000000    -1.000000
         6     1.281582     0.000000    -1.000000    -1.000000    -1.000000
         7     1.302181     0.000000    -1.000000    -1.000000    -1.000000
         8     1.314891     0.000000    -1.000000    -1.000000    -1.000000
         9     1.319571     0.000000    -1.000000    -1.000000    -1.000000
        10     1.316315     0.000000    -1.000000    -1.000000    -1.000000
        11     1.305186     0.000000    -1.000000    -1.000000    -1.000000
        12     1.286342     0.000000    -1.000000    -1.000000    -1.000000
        13     1.260235     0.000000    -1.000000    -1.000000    -1.000000
        14     1.227697     0.000000    -1.000000    -1.000000    -1.000000
        15     1.189931     0.000000    -1.000000    -1.000000    -1.000000
        16     1.148387     0.000000    -1.000000    -1.000000    -1.000000
        17     1.104816     0.000000    -1.000000    -1.000000    -1.000000
        18     1.103240     0.000000    -1.000000    -1.000000    -1.000000
        19     1.097613     0.000000    -1.000000    -1.000000    -1.000000
        20     1.087266     0.000000    -1.000000    -1.000000    -1.000000
        21     1.072516     0.000000    -1.000000    -1.000000    -1.000000
        22     1.079895     0.000000    -1.000000    -1.000000    -1.000000
        23     1.119846     0.000000    -1.000000    -1.000000    -1.000000
        24     1.156731     0.000000    -1.000000    -1.000000    -1.000000
        25     1.188596     0.000000    -1.000000    -1.000000    -1.000000
        26     1.213933     0.000000    -1.000000    -1.000000    -1.000000
        27     1.231646     0.000000    -1.000000    -1.000000    -1.000000
        28     1.241019     0.000000    -1.000000    -1.000000    -1.000000
        29     1.241821     0.000000    -1.000000    -1.000000    -1.000000
        30     1.234176     0.000000    -1.000000    -1.000000    -1.000000
        31     1.218377     0.000000    -1.000000    -1.000000    -1.000000
        32     1.194843     0.000000    -1.000000    -1.000000    -1.000000
        33     1.164379     0.000000    -1.000000    -1.000000    -1.000000
        34     1.128061     0.000000    -1.000000    -1.000000    -1.000000
        35     1.111288     0.000000    -1.000000    -1.000000    -1.000000
        36     1.123048     0.000000    -1.000000    -1.000000    -1.000000
        37     1.131044     0.000000    -1.000000    -1.000000    -1.000000
        38     1.135691     0.000000    -1.000000    -1.000000    -1.000000
        39     1.137463     0.000000    -1.000000    -1.000000    -1.000000
        40     1.136811     0.000000    -1.000000    -1.000000    -1.000000
        41     1.134143     0.000000    -1.000000    -1.000000    -1.000000
        42     1.129916     0.000000    -1.000000    -1.000000    -1.000000
        43     1.131041     0.000000    -1.000000    -1.000000    -1.000000
        44     1.131493     0.000000    -1.000000    -1.000000    -1.000000
        45     1.127977     0.000000    -1.000000    -1.000000    -1.000000
        46     1.120366     0.000000    -1.000000    -1.000000    -1.000000
        47     1.108864     0.000000    -1.000000    -1.000000    -1.000000
        48     1.093771     0.000000    -1.000000    -1.000000    -1.000000
        49     1.075703     0.000000    -1.000000    -1.000000    -1.000000
        50     1.113739     0.000000    -1.000000    -1.000000    -1.000000
        51     1.146455     0.000000    -1.000000    -1.000000    -1.000000
        52     1.172527     0.000000    -1.000000    -1.000000    -1.000000
        53     1.191344     0.000000    -1.000000    -1.000000    -1.000000
        54     1.202800     0.000000    -1.000000    -1.000000    -1.000000
        55     1.207111     0.000000    -1.000000    -1.000000    -1.000000
        56     1.204817     0.000000    -1.000000    -1.000000    -1.000000
        57     1.196548     0.000000    -1.000000    -1.000000    -1.000000
        58     1.182965     0.000000    -1.000000    -1.000000    -1.000000
        59     1.164664     0.000000    -1.000000    -1.000000    -1.000000
        60     1.142310     0.000000    -1.000000    -1.000000    -1.000000
        61     1.116485     0.000000    -1.000000    -1.000000    -1.000000
        62     1.087870     0.000000    -1.000000    -1.000000    -1.000000
        63     1.069091     0.000000    -1.000000    -1.000000    -1.000000
