#ens 	[0-]	[0+]	[1+]
0	0.0	0.0
1	0.0	0.0
2	0.0	0.0
3	0.008255343156776849	0.008089299191487055
4	0.009093322713394398	0.009648782643866519
5	0.006438337979556618	0.007897491066328083
6	0.006164542678879596	0.006087823102871702
7	0.006587680870834993	0.010174170117128048
8	0.006098168060533652	0.008356162669969103
9	0.006994225408203903	0.006596531608728104
10	0.006147949024293111	0.0069217714731280985
11	0.00720164609053498	0.006287970711733237
12	0.0076164874551971325	0.00694678992423579
13	0.005525686977299881	0.007538893267117833
14	0.00728461436346741	0.008130996609999875
15	0.006944444444444444	0.006179557423599905
16	0.00698592858091066	0.009173432072820372
17	0.00522700119474313	0.006096162586574265
18	0.005857560069029603	0.006196236391005033
19	0.007077193681136334	0.008698081501774224
20	0.0092094782954998	0.006629889543538359
21	0.009864927651666003	0.007814096229302445
22	0.011955728129563255	0.006221254842112725
23	0.011930837647683526	0.005637490982933246
24	0.012295898048586221	0.006805018701292203
25	0.014320323908137528	0.007580590685630653
26	0.013888888888888888	0.006980147859046047
27	0.015091928846409133	0.0073804430767691175
28	0.014619009690694278	0.0066465685109434874
29	0.013333001460241604	0.008368671895522949
30	0.014884508164078056	0.008197712479620386
31	0.015473582901898314	0.007205313919015274
32	0.015631222620469933	0.007901660808179365
33	0.01422076198061861	0.009265166393548576
34	0.013308110978361874	0.008602177439194739
35	0.01427054294437807	0.0076347973296973185
36	0.012735629895128104	0.009156753105415244
37	0.01218803929377406	0.00723867185382553
38	0.013606796760918624	0.006596531608728104
39	0.011192420018584894	0.008739778920287045
40	0.013814217443249701	0.007101070372733224
41	0.0126194743130227	0.008502103634763971
42	0.012204632948360546	0.007626457845994755
43	0.011905947165803796	0.009069188526538322
44	0.01324173636001593	0.007789077778194752
45	0.011632151865126776	0.007893321324476801
46	0.01107626443647949	0.00828944680034859
47	0.010686313553697067	0.008222730930728079
48	0.009499867250763308	0.0094444652931537
49	0.009989380061064649	0.00715527701679989
50	0.010578454798884907	0.007830775196707572
51	0.008985463958582239	0.009027491108025502
52	0.011217310500464622	0.007776568552640906
53	0.009698991105801141	0.008643874857707559
54	0.008520841630160626	0.008181033512215259
55	0.008902495685649808	0.007576420943779371
56	0.00798984468339307	0.007484686623051167
57	0.00964091331474844	0.008452066732548587
58	0.009060135404221426	0.008489594409210125
59	0.008106000265498473	0.009311033553912678
60	0.007533519182264702	0.007922509517435776
61	0.007317801672640382	0.00906501878468704
62	0.007981547856099827	0.0072428415956768116
63	0.007782424001061994	0.0085187826021691
64	0.007301208018053896	0.008043432031122953
65	0.007010819062790389	0.007322066690851169
66	0.007699455728129564	0.006930110956830662
67	0.007467144563918757	0.0072219928864204015
68	0.006322182397451214	0.007347085141958861
69	0.006927850789857959	0.006375535290610158
70	0.006778507898579584	0.007046863728666558
71	0.006388557015797159	0.007247011337528093
72	0.0062724014336917565	0.00690509250572297
73	0.00595712199654852	0.007655646038953729
74	0.006504712597902562	0.007689003973763984
75	0.00625580777910527	0.007834944938558854
76	0.006048387096774193	0.006559003932066566
77	0.005326563122262047	0.0073345759164050155
78	0.004837050311960706	0.007493026106753731
79	0.00595712199654852	0.006458930127635798
80	0.006098168060533652	0.005979409814738369
81	0.005193813885570158	0.006446420902081952
82	0.004488583565644497	0.006079483619169137
83	0.005766294968803929	0.005962730847333241
84	0.0049946900305323245	0.005866826784753756
85	0.004488583565644497	0.006930110956830662
86	0.00535975043143502	0.004661771389733262
87	0.005533983804593123	0.00581262014068709
88	0.004538364529403956	0.005570775113312735
89	0.004339240674366122	0.005466531567030685
90	0.004339240674366122	0.005958561105481959
91	0.0043558343289526085	0.00534977879519479
92	0.004613035975043143	0.005045387640051204
93	0.0037750564184255942	0.005929372912522986
94	0.004032258064516129	0.005174649637440946
95	0.004048851719102615	0.005437343374071711
96	0.0035344484269215454	0.004399077653102496
97	0.004065445373689101	0.00518298912114351
98	0.0038746183459445107	0.005003690221538385
99	0.00398247710075667	0.005549926404056325
100	0.003517854772335059	0.004357380234589677
101	0.003351918226470198	0.0039529152750153234
102	0.0038414310367715387	0.00451166068308711
103	0.0028872958980485862	0.005524907952948633
104	0.003650604009026948	0.004369889460143522
105	0.0035344484269215454	0.003823653277625582
106	0.0029121863799283156	0.005012029705240948
107	0.0030283419620337182	0.004186420818687115
108	0.0031859816806053365	0.004048819337594809
109	0.0026466879065445374	0.0043198525579281385
110	0.0029951546528607462	0.0038028045683691724
111	0.002986857825567503	0.004540848876046084
112	0.0025637196336121067	0.0039737639842717335
113	0.0028707022434621	0.004107195723512758
114	0.00246415770609319	0.004015461402784554
115	0.002447564051506704	0.004032140370189682
116	0.0027960307978229125	0.0025268635618768843
117	0.002339705296694544	0.0030230628421794407
118	0.0027877339705296694	0.00514129170263069
119	0.0027462498340634542	0.0031564945814204644
120	0.0026632815611310236	0.003581808250251227
121	0.002099097305190495	0.003598487217656355
122	0.0025471259790256205	0.003198191999933284
123	0.0022733306783485996	0.004707638550097364
124	0.0018833797955661756	0.00379863482651789
125	0.0023148148148148147	0.0035401108317384073
126	0.002090800477897252	0.002985535165517903
127	0.001941457586618877	0.003465055478415331
128	0.0023977830877472454	0.003223210451040976
129	0.0015763971857161822	0.0033774908995384094
130	0.002049316341431037	0.002889631102938417
131	0.0017755210407540156	0.0030689300025435427
132	0.0016095844948891545	0.0027895572985076494
133	0.001675959113235099	0.003285756578810206
134	0.0013606796760918625	0.0024392989829999626
135	0.0015681003584229391	0.003139815614015336
136	0.002190362405416169	0.002610258398902524
137	0.0015681003584229391	0.0025852399477948322
138	0.0015681003584229391	0.0024768266596615005
139	0.0019165671047391478	0.002543542529282012
140	0.0016095844948891545	0.002606088657051242
141	0.002223549714589141	0.0026853137522256
142	0.002090800477897252	0.0022391513741384273
143	0.0013026018850391611	0.002376752855230733
144	0.0012777114031594318	0.002172435504517915
145	0.0020327226868445507	0.0024684871759589363
146	0.0013855701579715916	0.0017804797704974085
147	0.0013689765033851056	0.0017971587379025365
148	0.0016178813221823973	0.0020264945397230455
149	0.001310898712332404	0.0020973801511948395
150	0.001551506703836453	0.0017971587379025365
151	0.001825302004513474	0.0020807011837897117
152	0.001169852648347272	0.0021432473115589414
153	0.001800411522633745	0.0021474170534102233
154	0.0012445240939864596	0.002255830341543555
155	0.0012445240939864596	0.0016553875149589489
156	0.0011864463029337582	0.0017596310612409986
157	0.001169852648347272	0.0018138377053076645
158	0.0010536970662418691	0.0020264945397230455
159	0.0013855701579715916	0.0013885240364769017
160	0.0011947431302270011	0.001605350612743565
161	0.0010122129297756538	0.0015219557757179254
162	0.0008794636930837648	0.0017929889960512544
163	0.0012445240939864596	0.0019639484119538158
164	0.0008130890747378202	0.0014302214549897216
165	0.0009209478295499801	0.0020431735071281738
166	0.0011283685118810567	0.0015678229360820272
167	0.0008794636930837648	0.0010549446883743427
168	0.000904354174963494	0.001605350612743565
169	0.0009209478295499801	0.0017721402867948446
170	0.0004563255011283685	0.0013718450690717737
171	0.0009956192751891676	0.0014260517131384396
172	0.0009624319660161955	0.0013801845527743378
173	0.0009541351387229523	0.001325977908707672
174	0.001020509757068897	0.0015678229360820272
175	0.0010122129297756538	0.0014260517131384396
176	0.0007881985928580911	0.0015636531942307451
177	0.000779901765564848	0.0010215867535640869
178	0.001037103411655383	0.000975719593199985
179	0.0007550112836851188	0.0016887454497692047
180	0.0006720430107526882	0.0015177860338666433
181	0.0008628700384972787	0.0017721402867948446
182	0.000912651002256737	0.000971549851348703
183	0.0006886366653391743	0.0012050553950204942
184	0.0006803398380459312	0.0014510701642461315
185	0.0007135271472189035	0.0011550184928051104
186	0.0004563255011283685	0.0011925461694666482
187	0.0006056683924067437	0.0008047601772974236
188	0.0007633081109783619	0.0011842066857640843
189	0.0005890747378202576	0.0011591882346563924
190	0.0006969334926324173	0.000971549851348703
191	0.0007467144563918758	0.0011049815905897265
192	0.000655449356166202	0.00065047972879999
193	0.0005061064648878269	0.0010966421068871626
194	0.0007467144563918758	0.0008339483702563974
195	0.0005392937740607991	0.000658819212502554
196	0.0006969334926324173	0.0010299262372666508
197	0.0006803398380459312	0.0007255350821230658
198	0.0004729191557148546	0.0011967159113179303
199	0.000522700119474313	0.0008547970795128074
200	0.0006222620469932298	0.0009215129491333191
201	0.0004812159830080977	0.000979889335051267
202	0.0003401699190229656	0.0009381919165384471
203	0.0004729191557148546	0.0010257564954153687
204	0.000522700119474313	0.0008381181121076794
205	0.00036506040090269484	0.0011300000416974184
206	0.0004065445373689101	0.0005629151499230683
207	0.0003567635736094517	0.0011091513324410086
208	0.00039824771007566706	0.0008381181121076794
209	0.0003401699190229656	0.000979889335051267
210	0.0003401699190229656	0.0007672325006358857
211	0.0003235762644364795	0.000971549851348703
212	0.0004895128103013408	0.0007338745658256298
213	0.0004895128103013408	0.0005087085058564024
214	0.00039824771007566706	0.00042948341068204467
215	0.0002489048187972919	0.00047118082919486454
216	0.0004729191557148546	0.0007630627587846036
217	0.0004397318465418824	0.0004586716036410186
218	0.0005641842559405283	0.00065047972879999
219	0.00019912385503783353	0.0008256088865538334
220	0.00026549847338377806	0.0004586716036410186
221	0.00033187309172972256	0.0006713284380564
222	0.00034846674631620867	0.0007088561147179378
223	0.0004065445373689101	0.0005170479895589664
224	0.00011615558210540289	0.0004920295384512745
225	0.0007052303199256604	0.0005045387640051205
226	0.0003733572281959379	0.0005087085058564024
227	0.0003567635736094517	0.00038361625031794284
228	0.00019912385503783353	0.0005087085058564024
229	0.0002903889552635072	0.0006046125684358881
230	0.00019082702774459047	0.0006171217939897341
231	0.00024060799150404886	0.0005795941173281962
232	0.00015763971857161822	0.00040446495957435275
233	0.000389950882782424	0.0005587454080717862
234	0.00036506040090269484	0.0007255350821230658
235	0.0002489048187972919	0.0008422878539589614
236	0.00014934289127837514	0.00040446495957435275
237	0.0002903889552635072	0.00042948341068204467
238	0.0003567635736094517	0.0002752029621846112
239	0.0003235762644364795	0.0005378966988153764
240	0.00017423337315810433	0.0005879336010307602
241	0.00011615558210540289	0.0005003690221538384
242	0.00018253020045134742	0.0005587454080717862
243	0.00014934289127837514	0.0003502583155076869
244	0.00024060799150404886	0.0007005166310153738
245	0.00014104606398513208	0.00023767528552307327
246	0.00019912385503783353	0.0003627675410615329
247	0.00014934289127837514	0.0006796679217589639
248	0.00026549847338377806	0.00023767528552307327
249	0.00011615558210540289	0.00040029521772307075
250	0.000257201646090535	0.00031273063884614905
251	8.296827293243064e-05	0.00030439115514358504
252	5.8077791052701445e-05	0.00042948341068204467
253	0.00019082702774459047	0.0005837638591794782
254	9.126510022567371e-05	0.00019180812515897142
255	0.00024060799150404886	0.00023767528552307327
256	0.0002986857825567503	0.00020431735071281738
257	0.00026549847338377806	0.0005295572151128124
258	6.637461834594451e-05	0.0003627675410615329
259	0.00014934289127837514	0.0002835424458871751
260	0.00019912385503783353	0.0002585239947794832
261	9.956192751891676e-05	0.00024184502737435525
262	0.00023231116421080578	0.0003460885736564049
263	0.00016593654586486128	0.00038361625031794284
264	0.00014104606398513208	0.00021265683441538133
265	0.00014104606398513208	0.000321070122548713
266	0.00019912385503783353	0.000316900380697431
267	0.00015763971857161822	0.00040863470142563476
268	0.00014934289127837514	0.00014594096479486954
269	0.00017423337315810433	0.00028771218773845713
270	0.00019082702774459047	0.00019180812515897142
271	0.00014934289127837514	0.00021682657626666334
272	7.467144563918757e-05	0.0004836900547487105
273	0.00013274923669188903	0.0004545018617897366
274	0.00016593654586486128	0.0004128044432769167
275	9.126510022567371e-05	0.00020014760886153537
276	5.8077791052701445e-05	0.0002626937366307652
277	9.126510022567371e-05	0.0004795203128974285
278	8.296827293243064e-05	0.0004419926362358906
279	7.467144563918757e-05	0.00017929889960512544
280	0.0002986857825567503	0.0003669372829128149
281	6.637461834594451e-05	0.0002835424458871751
282	7.467144563918757e-05	8.756457887692173e-05
283	0.00013274923669188903	0.00021682657626666334
284	4.978096375945838e-05	0.0003877859921692248
285	0.00018253020045134742	0.00026686347848204717
286	4.148413646621532e-05	0.0002918819295897391
287	6.637461834594451e-05	0.0002918819295897391
288	3.318730917297226e-05	0.0002543542529282012
289	0.00019912385503783353	0.00017512915775384346
290	0.00014934289127837514	0.0002835424458871751
291	4.978096375945838e-05	0.0001250922555384596
292	4.978096375945838e-05	0.00019180812515897142
293	0.0	0.00024184502737435525
294	0.00012445240939864595	0.00012092251368717763
295	0.00010785875481215983	0.00018346864145640744
296	4.978096375945838e-05	0.0001376014810923056
297	8.296827293243064e-05	8.339483702563974e-05
298	2.489048187972919e-05	0.0002793727040358931
299	5.8077791052701445e-05	0.00015428044849743352
300	3.318730917297226e-05	0.00015428044849743352
301	0.00014934289127837514	0.00016678967405127948
302	6.637461834594451e-05	0.0002501845110769192
303	4.148413646621532e-05	0.00027103322033332917
304	0.0	7.922509517435775e-05
305	4.978096375945838e-05	0.00019180812515897142
306	1.659365458648613e-05	0.0002960516714410211
307	4.978096375945838e-05	0.0001626199321999975
308	0.00010785875481215983	0.0001376014810923056
309	4.978096375945838e-05	0.00011675277183589563
310	2.489048187972919e-05	0.0003002214132923031
311	6.637461834594451e-05	0.00010007380443076769
312	2.489048187972919e-05	0.00021265683441538133
313	8.296827293243064e-06	5.837638591794782e-05
314	2.489048187972919e-05	0.00019180812515897142
315	4.978096375945838e-05	0.0002960516714410211
316	1.659365458648613e-05	0.00012092251368717763
317	2.489048187972919e-05	0.00014177122294358756
318	1.659365458648613e-05	9.590406257948571e-05
319	1.659365458648613e-05	9.173432072820372e-05
320	4.148413646621532e-05	0.0001626199321999975
321	7.467144563918757e-05	0.00019180812515897142
322	8.296827293243064e-06	0.0001292619973897416
323	1.659365458648613e-05	0.0001250922555384596
324	6.637461834594451e-05	0.0003669372829128149
325	7.467144563918757e-05	1.6678967405127948e-05
326	4.148413646621532e-05	7.505535332307577e-05
327	1.659365458648613e-05	0.00021682657626666334
328	5.8077791052701445e-05	0.00023767528552307327
329	0.00012445240939864595	7.922509517435775e-05
330	8.296827293243064e-06	0.00023350554367179127
331	1.659365458648613e-05	5.0036902215383844e-05
332	2.489048187972919e-05	9.173432072820372e-05
333	0.0	0.00020431735071281738
334	2.489048187972919e-05	0.00014177122294358756
335	3.318730917297226e-05	0.000316900380697431
336	1.659365458648613e-05	0.00014177122294358756
337	1.659365458648613e-05	2.5018451107691922e-05
338	4.148413646621532e-05	0.00010841328813333167
339	1.659365458648613e-05	4.586716036410186e-05
340	8.296827293243064e-06	0.0001250922555384596
341	0.0	3.7527676661537886e-05
342	0.0	0.00017512915775384346
343	2.489048187972919e-05	0.0001626199321999975
344	4.148413646621532e-05	5.0036902215383844e-05
345	0.00011615558210540289	9.590406257948571e-05
346	4.978096375945838e-05	0.0001626199321999975
347	0.00013274923669188903	0.00024184502737435525
348	1.659365458648613e-05	3.3357934810255896e-05
349	4.148413646621532e-05	4.169741851281987e-05
350	8.296827293243064e-06	0.00011258302998461366
351	0.0	7.088561147179378e-05
352	4.978096375945838e-05	7.505535332307577e-05
353	0.0	0.00023350554367179127
354	0.0	0.0001250922555384596
355	0.0	6.25461277692298e-05
356	4.148413646621532e-05	1.6678967405127948e-05
357	0.0	0.0001584501903487155
358	8.296827293243064e-06	5.0036902215383844e-05
359	2.489048187972919e-05	6.25461277692298e-05
360	3.318730917297226e-05	2.0848709256409935e-05
361	4.978096375945838e-05	8.339483702563974e-06
362	0.0	0.0001584501903487155
363	8.296827293243064e-06	0.0001250922555384596
364	9.126510022567371e-05	7.088561147179378e-05
365	1.659365458648613e-05	8.339483702563974e-06
366	1.659365458648613e-05	7.922509517435775e-05
367	0.0	5.837638591794782e-05
368	0.0	4.586716036410186e-05
369	0.0	6.671586962051179e-05
370	0.0	8.339483702563974e-05
371	2.489048187972919e-05	0.0001376014810923056
372	1.659365458648613e-05	4.586716036410186e-05
373	8.296827293243064e-06	2.0848709256409935e-05
374	1.659365458648613e-05	2.0848709256409935e-05
375	0.0	4.169741851281987e-05
376	1.659365458648613e-05	2.5018451107691922e-05
377	0.0	2.918819295897391e-05
378	8.296827293243064e-06	2.5018451107691922e-05
379	0.0	6.25461277692298e-05
380	9.956192751891676e-05	6.25461277692298e-05
381	8.296827293243064e-06	7.505535332307577e-05
382	4.148413646621532e-05	1.6678967405127948e-05
383	4.978096375945838e-05	0.00010424354628204968
384	8.296827293243064e-06	6.671586962051179e-05
385	4.148413646621532e-05	0.00013343173924102358
386	8.296827293243064e-06	6.25461277692298e-05
387	2.489048187972919e-05	2.5018451107691922e-05
388	5.8077791052701445e-05	4.586716036410186e-05
389	0.0	8.339483702563974e-06
390	0.0	3.3357934810255896e-05
391	0.0	8.339483702563974e-06
392	8.296827293243064e-06	4.169741851281987e-05
393	0.0	2.918819295897391e-05
394	1.659365458648613e-05	7.922509517435775e-05
395	1.659365458648613e-05	1.2509225553845961e-05
396	4.148413646621532e-05	4.169741851281987e-05
397	1.659365458648613e-05	8.339483702563974e-06
398	0.0	8.339483702563974e-06
399	0.0	4.169741851281987e-06
400	0.0	1.6678967405127948e-05
401	0.0	0.0
402	8.296827293243064e-06	2.918819295897391e-05
403	1.659365458648613e-05	2.0848709256409935e-05
404	8.296827293243064e-06	0.0
405	8.296827293243064e-06	0.0
406	0.0	3.3357934810255896e-05
407	2.489048187972919e-05	2.0848709256409935e-05
408	1.659365458648613e-05	1.6678967405127948e-05
409	1.659365458648613e-05	0.0001959778670102534
410	0.0	0.0
411	8.296827293243064e-06	1.2509225553845961e-05
412	0.0	9.590406257948571e-05
413	0.0	4.586716036410186e-05
414	0.0	2.0848709256409935e-05
415	0.0	6.671586962051179e-05
416	0.0	0.0
417	0.0	3.7527676661537886e-05
418	0.0	1.6678967405127948e-05
419	0.0	8.339483702563974e-06
420	0.0	0.0
421	1.659365458648613e-05	7.922509517435775e-05
422	0.0	8.339483702563974e-06
423	0.0	9.173432072820372e-05
424	0.0	2.0848709256409935e-05
425	0.0	8.339483702563974e-06
426	0.0	3.7527676661537886e-05
427	0.0	1.6678967405127948e-05
428	0.0	8.339483702563974e-06
429	0.0	1.2509225553845961e-05
430	0.0	0.0
431	0.0	2.0848709256409935e-05
432	8.296827293243064e-06	1.2509225553845961e-05
433	0.0	8.339483702563974e-06
434	0.0	6.25461277692298e-05
435	0.0	1.6678967405127948e-05
436	0.0	4.169741851281987e-06
437	0.0	0.0
438	0.0	2.918819295897391e-05
439	0.0	4.586716036410186e-05
440	0.0	1.6678967405127948e-05
441	0.0	8.339483702563974e-06
442	1.659365458648613e-05	2.0848709256409935e-05
443	0.0	0.0
444	0.0	0.0
445	0.0	1.6678967405127948e-05
446	0.0	2.5018451107691922e-05
447	8.296827293243064e-06	8.339483702563974e-06
448	0.0	1.6678967405127948e-05
449	0.0	0.0
450	0.0	3.7527676661537886e-05
451	0.0	0.0
452	0.0	0.0
453	0.0	8.339483702563974e-06
454	0.0	0.0
455	0.0	1.2509225553845961e-05
456	0.0	0.0
457	0.0	0.0
458	0.0	3.7527676661537886e-05
459	8.296827293243064e-06	0.0
460	0.0	0.0
461	8.296827293243064e-06	8.339483702563974e-06
462	0.0	0.0
463	0.0	8.339483702563974e-06
464	8.296827293243064e-06	0.0
465	0.0	8.339483702563974e-06
466	0.0	0.0
467	0.0	0.0
468	0.0	1.2509225553845961e-05
469	0.0	8.339483702563974e-06
470	0.0	1.2509225553845961e-05
471	1.659365458648613e-05	0.0
472	0.0	4.169741851281987e-06
473	0.0	8.339483702563974e-06
474	0.0	0.0
475	0.0	8.339483702563974e-06
476	0.0	0.0
477	0.0	0.0
478	0.0	0.0
479	0.0	0.0
480	0.0	8.339483702563974e-06
481	0.0	0.0
482	0.0	0.0
483	0.0	1.6678967405127948e-05
484	0.0	0.0
485	0.0	0.0
486	0.0	2.918819295897391e-05
487	0.0	0.0
488	0.0	5.837638591794782e-05
489	0.0	0.0
490	0.0	0.0
491	0.0	0.0
492	0.0	0.0
493	0.0	0.0
494	0.0	0.0
495	0.0	0.0
496	0.0	0.0
497	0.0	0.0
498	8.296827293243064e-06	0.0
499	0.0	1.2509225553845961e-05
500	1.659365458648613e-05	0.0
501	0.0	0.0
502	0.0	1.6678967405127948e-05
503	0.0	1.6678967405127948e-05
504	0.0	0.0
505	1.659365458648613e-05	0.00010424354628204968
506	2.489048187972919e-05	8.339483702563974e-06
507	0.0	0.0
508	0.0	1.6678967405127948e-05
509	0.0	2.918819295897391e-05
510	0.0	0.0
511	0.0	0.0
512	0.0	8.339483702563974e-06
513	0.0	0.0
514	0.0	0.0
515	0.0	8.339483702563974e-06
516	8.296827293243064e-06	0.0
517	0.0	0.0
518	0.0	0.0
519	0.0	0.0
520	0.0	0.0
521	0.0	0.0
522	0.0	8.339483702563974e-06
523	0.0	8.339483702563974e-06
524	0.0	0.0
525	0.0	0.0
526	0.0	0.0
527	0.0	0.0
528	0.0	0.0
529	0.0	0.0
530	0.0	0.0
531	0.0	0.0
532	0.0	0.0
533	0.0	4.169741851281987e-06
534	5.8077791052701445e-05	2.0848709256409935e-05
535	0.0	0.0
536	0.0	0.0
537	8.296827293243064e-06	1.2509225553845961e-05
538	0.0	0.0
539	0.0	0.0
540	0.0	0.0
541	0.0	0.0
542	0.0	0.0
543	0.0	0.0
544	0.0	0.0
545	0.0	0.0
546	0.0	0.0
547	0.0	0.0
548	0.0	0.0
549	0.0	0.0
550	0.0	0.0
551	0.0	5.0036902215383844e-05
552	0.0	0.0
553	0.0	0.0
554	0.0	0.0
555	0.0	0.0
556	0.0	8.339483702563974e-06
557	0.0	0.0
558	0.0	0.0
559	0.0	0.0
560	0.0	0.0
561	0.0	0.0
562	0.0	0.0
563	0.0	0.0
564	0.0	2.5018451107691922e-05
565	0.0	0.0
566	0.0	0.0
567	0.0	0.0
568	0.0	0.0
569	0.0	0.0
570	0.0	0.0
571	0.0	0.0
572	3.318730917297226e-05	0.0
573	0.0	0.0
574	0.0	0.0
575	0.0	0.0
576	0.0	0.0
577	0.0	0.0
578	0.0	0.0
579	0.0	0.0
580	0.0	0.0
581	0.0	0.0
582	0.0	4.169741851281987e-06
583	0.0	0.0
584	0.0	0.0
585	0.0	0.0
586	0.0	0.0
587	0.0	8.339483702563974e-06
588	0.0	0.0
589	0.0	0.0
590	0.0	0.0
591	0.0	0.0
592	0.0	0.0
593	0.0	0.0
594	0.0	0.0
595	0.0	0.0
596	0.0	8.339483702563974e-06
597	0.0	0.0
598	0.0	0.0
599	0.0	0.0
600	0.0	0.0
601	0.0	0.0
602	0.0	0.0
603	0.0	0.0
604	0.0	0.0
605	0.0	0.0
606	0.0	0.0
607	0.0	0.0
608	0.0	0.0
609	0.0	0.0
610	0.0	0.0
611	0.0	0.0
612	0.0	0.0
613	0.0	0.0
614	0.0	0.0
615	0.0	0.0
616	0.0	0.0
617	0.0	8.339483702563974e-06
618	0.0	0.0
619	0.0	0.0
620	0.0	0.0
621	0.0	0.0
622	0.0	0.0
623	0.0	0.0
624	0.0	0.0
625	0.0	0.0
626	0.0	0.0
627	0.0	0.0
628	0.0	0.0
629	0.0	0.0
630	0.0	0.0
631	0.0	0.0
632	0.0	0.0
633	0.0	0.0
634	0.0	0.0
635	0.0	0.0
636	0.0	0.0
637	0.0	0.0
638	0.0	0.0
639	0.0	0.0
640	0.0	0.0
641	0.0	0.0
642	0.0	0.0
643	0.0	0.0
644	0.0	0.0
645	0.0	0.0
646	0.0	0.0
647	0.0	0.0
648	0.0	1.6678967405127948e-05
649	0.0	0.0
650	0.0	0.0
651	0.0	0.0
652	0.0	0.0
653	0.0	0.0
654	0.0	0.0
655	0.0	0.0
656	0.0	0.0
657	0.0	0.0
658	0.0	0.0
659	0.0	0.0
660	0.0	0.0
661	0.0	0.0
662	0.0	0.0
663	0.0	0.0
664	0.0	0.0
665	0.0	0.0
666	0.0	0.0
667	0.0	0.0
668	0.0	0.0
669	0.0	0.0
670	0.0	0.0
671	0.0	0.0
672	0.0	0.0
673	0.0	0.0
674	0.0	0.0
675	0.0	0.0
676	0.0	0.0
677	0.0	0.0
678	0.0	0.0
679	0.0	0.0
680	0.0	0.0
681	0.0	0.0
682	0.0	0.0
683	0.0	0.0
684	0.0	0.0
685	0.0	0.0
686	0.0	0.0
687	0.0	0.0
688	0.0	0.0
689	0.0	0.0
690	0.0	0.0
691	0.0	0.0
692	0.0	0.0
693	0.0	0.0
694	0.0	0.0
695	0.0	0.0
696	0.0	0.0
697	0.0	0.0
698	0.0	0.0
699	0.0	0.0
700	0.0	0.0
701	0.0	0.0
702	0.0	0.0
703	0.0	0.0
704	0.0	0.0
705	0.0	0.0
706	0.0	0.0
707	0.0	0.0
708	0.0	0.0
709	0.0	0.0
710	0.0	0.0
711	0.0	0.0
712	0.0	0.0
713	0.0	0.0
714	0.0	0.0
715	0.0	0.0
716	0.0	0.0
717	0.0	0.0
718	0.0	0.0
719	0.0	0.0
720	0.0	0.0
721	0.0	0.0
722	0.0	0.0
723	0.0	0.0
724	0.0	0.0
725	0.0	0.0
726	0.0	0.0
727	0.0	0.0
728	0.0	0.0
729	0.0	0.0
730	0.0	0.0
731	0.0	0.0
732	0.0	0.0
733	0.0	0.0
734	0.0	0.0
735	0.0	0.0
736	0.0	0.0
737	0.0	0.0
738	0.0	0.0
739	0.0	0.0
740	0.0	0.0
741	0.0	0.0
742	0.0	0.0
743	0.0	1.6678967405127948e-05
