# Cycle: 4555, status: ACC, move: ('wf', 9000, 3, 130)
#     Time      Potential        Kinetic
         0      -9.024694       1.844268            nan            nan
         1      -8.972766       1.799968            nan            nan
         2      -8.916055       1.722883            nan            nan
         3      -8.856463       1.615176            nan            nan
         4      -8.794900       1.495234            nan            nan
         5      -8.731042       1.412218            nan            nan
         6      -8.665770       1.321786            nan            nan
         7      -8.598632       1.268813            nan            nan
         8      -8.529603       1.207540            nan            nan
         9      -8.459433       1.134641            nan            nan
        10      -8.389724       1.044866            nan            nan
        11      -8.319851       1.006884            nan            nan
        12      -8.249616       0.888237            nan            nan
        13      -8.179647       0.872128            nan            nan
        14      -8.109376       0.816763            nan            nan
        15      -8.040045       0.746387            nan            nan
        16      -7.972816       0.656711            nan            nan
        17      -7.907788       0.627996            nan            nan
        18      -7.844150       0.560379            nan            nan
        19      -7.783166       0.490002            nan            nan
        20      -7.726115       0.419225            nan            nan
        21      -7.672822       0.362046            nan            nan
        22      -7.623440       0.332073            nan            nan
        23      -7.576840       0.291956            nan            nan
        24      -7.534514       0.226485            nan            nan
        25      -7.495419       0.210427            nan            nan
        26      -7.461638       0.177415            nan            nan
        27      -7.430953       0.151016            nan            nan
        28      -7.407844       0.124488            nan            nan
        29      -7.394778       0.079870            nan            nan
        30      -7.387724       0.073429            nan            nan
        31      -7.384048       0.051039            nan            nan
        32      -7.384980       0.056642            nan            nan
        33      -7.389845       0.059280            nan            nan
        34      -7.399825       0.079565            nan            nan
        35      -7.415890       0.101747            nan            nan
        36      -7.435794       0.120952            nan            nan
        37      -7.458886       0.135293            nan            nan
        38      -7.483683       0.166703            nan            nan
        39      -7.511019       0.186388            nan            nan
        40      -7.540680       0.212711            nan            nan
        41      -7.575554       0.264221            nan            nan
        42      -7.613245       0.312330            nan            nan
        43      -7.655438       0.358485            nan            nan
        44      -7.700403       0.388896            nan            nan
        45      -7.747677       0.438438            nan            nan
        46      -7.797338       0.504091            nan            nan
        47      -7.850970       0.538436            nan            nan
        48      -7.906943       0.604168            nan            nan
        49      -7.964615       0.666046            nan            nan
        50      -8.023309       0.703114            nan            nan
        51      -8.081640       0.768953            nan            nan
        52      -8.139558       0.799973            nan            nan
        53      -8.196363       0.845411            nan            nan
        54      -8.252810       0.932773            nan            nan
        55      -8.309455       1.007888            nan            nan
        56      -8.364605       1.041910            nan            nan
        57      -8.417874       1.120868            nan            nan
        58      -8.468543       1.187911            nan            nan
        59      -8.516153       1.210875            nan            nan
        60      -8.560177       1.255589            nan            nan
        61      -8.600399       1.264091            nan            nan
        62      -8.636693       1.324738            nan            nan
        63      -8.668834       1.372379            nan            nan
        64      -8.697021       1.417644            nan            nan
        65      -8.720076       1.399306            nan            nan
        66      -8.737415       1.395990            nan            nan
        67      -8.749435       1.430078            nan            nan
        68      -8.756413       1.417520            nan            nan
        69      -8.757950       1.446047            nan            nan
        70      -8.754753       1.417012            nan            nan
        71      -8.746426       1.382678            nan            nan
        72      -8.733378       1.365479            nan            nan
        73      -8.716456       1.336642            nan            nan
        74      -8.696725       1.303135            nan            nan
        75      -8.673069       1.297899            nan            nan
        76      -8.645156       1.325248            nan            nan
        77      -8.613370       1.320086            nan            nan
        78      -8.578645       1.327839            nan            nan
        79      -8.540052       1.222519            nan            nan
        80      -8.500102       1.177678            nan            nan
        81      -8.458472       1.158151            nan            nan
        82      -8.415898       1.114826            nan            nan
        83      -8.372190       1.080455            nan            nan
        84      -8.327217       1.055439            nan            nan
        85      -8.282458       0.966095            nan            nan
        86      -8.236758       0.964075            nan            nan
        87      -8.191359       0.964021            nan            nan
        88      -8.146094       0.881371            nan            nan
        89      -8.102656       0.834355            nan            nan
        90      -8.060566       0.771171            nan            nan
        91      -8.020631       0.685562            nan            nan
        92      -7.983147       0.669452            nan            nan
        93      -7.948551       0.629507            nan            nan
        94      -7.918834       0.597811            nan            nan
        95      -7.891943       0.542450            nan            nan
        96      -7.870014       0.497963            nan            nan
        97      -7.852569       0.485070            nan            nan
        98      -7.837801       0.438944            nan            nan
        99      -7.826509       0.394531            nan            nan
       100      -7.819761       0.370687            nan            nan
       101      -7.815885       0.378393            nan            nan
       102      -7.816049       0.378989            nan            nan
       103      -7.822425       0.382818            nan            nan
       104      -7.833560       0.399903            nan            nan
       105      -7.848537       0.410968            nan            nan
       106      -7.867232       0.451710            nan            nan
       107      -7.890277       0.423100            nan            nan
       108      -7.917014       0.400203            nan            nan
       109      -7.947501       0.430961            nan            nan
       110      -7.981835       0.456499            nan            nan
       111      -8.020263       0.510934            nan            nan
       112      -8.061489       0.544552            nan            nan
       113      -8.105044       0.587847            nan            nan
       114      -8.152726       0.584835            nan            nan
       115      -8.203545       0.637550            nan            nan
       116      -8.257446       0.665342            nan            nan
       117      -8.313725       0.700844            nan            nan
       118      -8.371892       0.722897            nan            nan
       119      -8.433172       0.811692            nan            nan
       120      -8.496726       0.819120            nan            nan
       121      -8.559527       0.809161            nan            nan
       122      -8.623099       0.892711            nan            nan
       123      -8.688824       0.967558            nan            nan
       124      -8.755359       1.019956            nan            nan
       125      -8.822575       1.066375            nan            nan
       126      -8.889760       1.134076            nan            nan
       127      -8.957143       1.213237            nan            nan
       128      -9.024148       1.292268            nan            nan
       129      -9.090726       1.385111            nan            nan
