# Cycle: 4555, status: ACC, move: ('wf', 9000, 3, 130)
#     Time       Orderp
         0    -0.216498    -0.216498    -0.221728    -9.024694
         1    -0.150000    -0.219638    -0.219655    -8.972766
         2    -0.150000    -0.222748    -0.217581    -8.916055
         3    -0.150000    -0.225763    -0.215584    -8.856463
         4    -0.150000    -0.228679    -0.213694    -8.794900
         5    -0.150000    -0.231543    -0.211909    -8.731042
         6    -0.150000    -0.234309    -0.210198    -8.665770
         7    -0.150000    -0.237027    -0.208567    -8.598632
         8    -0.150000    -0.239701    -0.206995    -8.529603
         9    -0.150000    -0.242294    -0.205451    -8.459433
        10    -0.150000    -0.244771    -0.203979    -8.389724
        11    -0.150000    -0.247172    -0.202570    -8.319851
        12    -0.150000    -0.249517    -0.201225    -8.249616
        13    -0.150000    -0.251801    -0.199967    -8.179647
        14    -0.150000    -0.254042    -0.198770    -8.109376
        15    -0.150000    -0.256205    -0.197643    -8.040045
        16    -0.150000    -0.258262    -0.196602    -7.972816
        17    -0.150000    -0.260191    -0.195557    -7.907788
        18    -0.150000    -0.262037    -0.194538    -7.844150
        19    -0.150000    -0.263770    -0.193557    -7.783166
        20    -0.150000    -0.265352    -0.192604    -7.726115
        21    -0.150000    -0.266787    -0.191651    -7.672822
        22    -0.150000    -0.268091    -0.190739    -7.623440
        23    -0.150000    -0.269303    -0.189861    -7.576840
        24    -0.150000    -0.270384    -0.189037    -7.534514
        25    -0.150000    -0.271365    -0.188246    -7.495419
        26    -0.150000    -0.272175    -0.187452    -7.461638
        27    -0.150000    -0.272881    -0.186648    -7.430953
        28    -0.150000    -0.273348    -0.185821    -7.407844
        29    -0.150000    -0.273527    -0.185059    -7.394778
        30    -0.150000    -0.273549    -0.184391    -7.387724
        31    -0.150000    -0.273486    -0.183786    -7.384048
        32    -0.150000    -0.273308    -0.183269    -7.384980
        33    -0.150000    -0.273006    -0.182743    -7.389845
        34    -0.150000    -0.272559    -0.182266    -7.399825
        35    -0.150000    -0.271925    -0.181801    -7.415890
        36    -0.150000    -0.271178    -0.181373    -7.435794
        37    -0.150000    -0.270340    -0.180999    -7.458886
        38    -0.150000    -0.269440    -0.180624    -7.483683
        39    -0.150000    -0.268443    -0.180231    -7.511019
        40    -0.150000    -0.267362    -0.179845    -7.540680
        41    -0.150000    -0.266116    -0.179523    -7.575554
        42    -0.150000    -0.264757    -0.179200    -7.613245
        43    -0.150000    -0.263241    -0.178936    -7.655438
        44    -0.150000    -0.261621    -0.178727    -7.700403
        45    -0.150000    -0.259882    -0.178512    -7.747677
        46    -0.150000    -0.258033    -0.178344    -7.797338
        47    -0.150000    -0.256042    -0.178316    -7.850970
        48    -0.150000    -0.253932    -0.178362    -7.906943
        49    -0.150000    -0.251719    -0.178489    -7.964615
        50    -0.150000    -0.249407    -0.178668    -8.023309
        51    -0.150000    -0.247041    -0.178897    -8.081640
        52    -0.150000    -0.244594    -0.179134    -8.139558
        53    -0.150000    -0.242086    -0.179381    -8.196363
        54    -0.150000    -0.239490    -0.179682    -8.252810
        55    -0.150000    -0.236768    -0.180056    -8.309455
        56    -0.150000    -0.233971    -0.180475    -8.364605
        57    -0.150000    -0.231096    -0.180930    -8.417874
        58    -0.150000    -0.228125    -0.181369    -8.468543
        59    -0.150000    -0.225119    -0.181866    -8.516153
        60    -0.150000    -0.222076    -0.182389    -8.560177
        61    -0.150000    -0.218987    -0.182931    -8.600399
        62    -0.150000    -0.215878    -0.183526    -8.636693
        63    -0.150000    -0.212736    -0.184158    -8.668834
        64    -0.150000    -0.209546    -0.184856    -8.697021
        65    -0.150000    -0.206338    -0.185548    -8.720076
        66    -0.150000    -0.203121    -0.186195    -8.737415
        67    -0.150000    -0.199881    -0.186837    -8.749435
        68    -0.150000    -0.196653    -0.187507    -8.756413
        69    -0.150000    -0.193426    -0.188167    -8.757950
        70    -0.150000    -0.190211    -0.188877    -8.754753
        71    -0.150000    -0.187029    -0.189580    -8.746426
        72    -0.150000    -0.183889    -0.190292    -8.733378
        73    -0.150000    -0.180791    -0.191069    -8.716456
        74    -0.150000    -0.177810    -0.191920    -8.696725
        75    -0.150000    -0.174852    -0.192790    -8.673069
        76    -0.150000    -0.171886    -0.193673    -8.645156
        77    -0.150000    -0.168919    -0.194596    -8.613370
        78    -0.150000    -0.165999    -0.195569    -8.578645
        79    -0.150000    -0.163116    -0.196494    -8.540052
        80    -0.150000    -0.160352    -0.197448    -8.500102
        81    -0.150000    -0.157653    -0.198452    -8.458472
        82    -0.150000    -0.155041    -0.199511    -8.415898
        83    -0.150000    -0.152508    -0.200586    -8.372190
        84    -0.150000    -0.150021    -0.201710    -8.327217
        85    -0.147648    -0.147648    -0.202848    -8.282458
        86    -0.145339    -0.145339    -0.203973    -8.236758
        87    -0.143095    -0.143095    -0.205188    -8.191359
        88    -0.140922    -0.140922    -0.206440    -8.146094
        89    -0.138884    -0.138884    -0.207701    -8.102656
        90    -0.136949    -0.136949    -0.208979    -8.060566
        91    -0.135148    -0.135148    -0.210233    -8.020631
        92    -0.133474    -0.133474    -0.211495    -7.983147
        93    -0.131921    -0.131921    -0.212802    -7.948551
        94    -0.130545    -0.130545    -0.214177    -7.918834
        95    -0.129280    -0.129280    -0.215579    -7.891943
        96    -0.128200    -0.128200    -0.216970    -7.870014
        97    -0.127277    -0.127277    -0.218381    -7.852569
        98    -0.126457    -0.126457    -0.219771    -7.837801
        99    -0.125766    -0.125766    -0.221131    -7.826509
       100    -0.125218    -0.125218    -0.222521    -7.819761
       101    -0.124764    -0.124764    -0.223922    -7.815885
       102    -0.124425    -0.124425    -0.225394    -7.816049
       103    -0.124268    -0.124268    -0.226927    -7.822425
       104    -0.124254    -0.124254    -0.228493    -7.833560
       105    -0.124358    -0.124358    -0.230070    -7.848537
       106    -0.124578    -0.124578    -0.231651    -7.867232
       107    -0.124939    -0.124939    -0.233213    -7.890277
       108    -0.125438    -0.125438    -0.234673    -7.917014
       109    -0.126061    -0.126061    -0.236111    -7.947501
       110    -0.126797    -0.126797    -0.237596    -7.981835
       111    -0.127651    -0.127651    -0.239141    -8.020263
       112    -0.128591    -0.128591    -0.240730    -8.061489
       113    -0.129607    -0.129607    -0.242337    -8.105044
       114    -0.130774    -0.130774    -0.243901    -8.152726
       115    -0.132062    -0.132062    -0.245436    -8.203545
       116    -0.133467    -0.133467    -0.246965    -8.257446
       117    -0.134978    -0.134978    -0.248460    -8.313725
       118    -0.136575    -0.136575    -0.249963    -8.371892
       119    -0.138303    -0.138303    -0.251482    -8.433172
       120    -0.140141    -0.140141    -0.253016    -8.496726
       121    -0.142003    -0.142003    -0.254515    -8.559527
       122    -0.143946    -0.143946    -0.255983    -8.623099
       123    -0.146003    -0.146003    -0.257531    -8.688824
       124    -0.148137    -0.148137    -0.259142    -8.755359
       125    -0.150000    -0.150360    -0.260794    -8.822575
       126    -0.150000    -0.152667    -0.262446    -8.889760
       127    -0.150000    -0.155081    -0.264102    -8.957143
       128    -0.157587    -0.157587    -0.265782    -9.024148
       129    -0.160208    -0.160208    -0.267468    -9.090726
