# Cycle: 9966, status: ACC, move: ('wf', 9000, 2, 24)
#     Time      Potential        Kinetic
         0   -8241.744100      95.619359            nan            nan
         1   -8242.896100      96.745123            nan            nan
         2   -8243.655400      97.479975            nan            nan
         3   -8243.729100      97.542453            nan            nan
         4   -8243.066600      96.900586            nan            nan
         5   -8241.953000      95.810509            nan            nan
         6   -8240.827000      94.711435            nan            nan
         7   -8240.143200      94.040127            nan            nan
         8   -8240.136500      94.028212            nan            nan
         9   -8240.697900      94.559895            nan            nan
        10   -8241.372100      95.197435            nan            nan
        11   -8241.587000      95.391286            nan            nan
        12   -8240.936100      94.739113            nan            nan
        13   -8239.308800      93.144705            nan            nan
        14   -8236.946100      90.830580            nan            nan
        15   -8234.337300      88.264432            nan            nan
        16   -8232.077900      86.051291            nan            nan
        17   -8230.781400      84.788952            nan            nan
        18   -8230.901100      84.926981            nan            nan
        19   -8232.612700      86.626386            nan            nan
        20   -8235.684300      89.654816            nan            nan
        21   -8239.442900      93.343805            nan            nan
        22   -8242.854000      96.664547            nan            nan
        23   -8244.747200      98.492727            nan            nan
