# Cycle: 9966, status: ACC, move: ('wf', 9000, 2, 24)
#     Time       Orderp
         0     1.063272     0.000000    -1.000000    -1.000000    -1.000000
         1     1.079604     0.000000    -1.000000    -1.000000    -1.000000
         2     1.092086     0.000000    -1.000000    -1.000000    -1.000000
         3     1.099813     0.000000    -1.000000    -1.000000    -1.000000
         4     1.102723     0.000000    -1.000000    -1.000000    -1.000000
         5     1.100671     0.000000    -1.000000    -1.000000    -1.000000
         6     1.094201     0.000000    -1.000000    -1.000000    -1.000000
         7     1.090407     0.000000    -1.000000    -1.000000    -1.000000
         8     1.100691     0.000000    -1.000000    -1.000000    -1.000000
         9     1.106251     0.000000    -1.000000    -1.000000    -1.000000
        10     1.106741     0.000000    -1.000000    -1.000000    -1.000000
        11     1.136187     0.000000    -1.000000    -1.000000    -1.000000
        12     1.167938     0.000000    -1.000000    -1.000000    -1.000000
        13     1.194713     0.000000    -1.000000    -1.000000    -1.000000
        14     1.215490     0.000000    -1.000000    -1.000000    -1.000000
        15     1.229306     0.000000    -1.000000    -1.000000    -1.000000
        16     1.235562     0.000000    -1.000000    -1.000000    -1.000000
        17     1.233750     0.000000    -1.000000    -1.000000    -1.000000
        18     1.223648     0.000000    -1.000000    -1.000000    -1.000000
        19     1.204951     0.000000    -1.000000    -1.000000    -1.000000
        20     1.177731     0.000000    -1.000000    -1.000000    -1.000000
        21     1.142645     0.000000    -1.000000    -1.000000    -1.000000
        22     1.100935     0.000000    -1.000000    -1.000000    -1.000000
        23     1.054543     0.000000    -1.000000    -1.000000    -1.000000
