# Cycle: 9974, status: ACC, move: ('wf', 9000, 2, 32)
#     Time      Potential        Kinetic
         0   -8229.034800      94.686004            nan            nan
         1   -8232.352400      97.949773            nan            nan
         2   -8236.115800     101.668390            nan            nan
         3   -8239.522900     105.058760            nan            nan
         4   -8242.087100     107.627490            nan            nan
         5   -8243.618300     109.182020            nan            nan
         6   -8244.049600     109.661820            nan            nan
         7   -8243.449000     109.087720            nan            nan
         8   -8241.867600     107.527020            nan            nan
         9   -8239.455700     105.154520            nan            nan
        10   -8236.482900     102.219080            nan            nan
        11   -8233.195000      98.953281            nan            nan
        12   -8229.895200      95.705618            nan            nan
        13   -8227.155900      93.012876            nan            nan
        14   -8225.543300      91.435092            nan            nan
        15   -8225.482400      91.376278            nan            nan
        16   -8227.046700      92.912128            nan            nan
        17   -8229.863800      95.676060            nan            nan
        18   -8233.230500      98.977762            nan            nan
        19   -8236.428600     102.110060            nan            nan
        20   -8238.919800     104.564290            nan            nan
        21   -8240.453900     106.098060            nan            nan
        22   -8241.151700     106.796760            nan            nan
        23   -8241.321400     106.981370            nan            nan
        24   -8241.376600     107.045640            nan            nan
        25   -8241.665000     107.344460            nan            nan
        26   -8242.436400     108.118170            nan            nan
        27   -8243.753700     109.414050            nan            nan
        28   -8245.276100     110.882670            nan            nan
        29   -8246.106300     111.645880            nan            nan
        30   -8245.224900     110.736380            nan            nan
        31   -8242.158900     107.699430            nan            nan
