# Cycle: 4543, status: ACC, move: ('wf', 9000, 3, 68)
#     Time      Potential        Kinetic
         0      -9.005958       1.780215            nan            nan
         1      -8.974162       1.748290            nan            nan
         2      -8.936294       1.705686            nan            nan
         3      -8.892057       1.689669            nan            nan
         4      -8.842371       1.679715            nan            nan
         5      -8.788226       1.559937            nan            nan
         6      -8.729143       1.574900            nan            nan
         7      -8.665121       1.531130            nan            nan
         8      -8.597795       1.500426            nan            nan
         9      -8.526382       1.456344            nan            nan
        10      -8.453123       1.310100            nan            nan
        11      -8.378361       1.233894            nan            nan
        12      -8.302392       1.205360            nan            nan
        13      -8.224481       1.175712            nan            nan
        14      -8.144177       1.125399            nan            nan
        15      -8.064257       1.060083            nan            nan
        16      -7.984287       0.961511            nan            nan
        17      -7.905883       0.858695            nan            nan
        18      -7.830380       0.804256            nan            nan
        19      -7.755957       0.731078            nan            nan
        20      -7.684785       0.636922            nan            nan
        21      -7.617109       0.572569            nan            nan
        22      -7.553536       0.496825            nan            nan
        23      -7.494416       0.444428            nan            nan
        24      -7.438302       0.387592            nan            nan
        25      -7.382921       0.367300            nan            nan
        26      -7.330033       0.319639            nan            nan
        27      -7.280285       0.267261            nan            nan
        28      -7.236378       0.212756            nan            nan
        29      -7.196609       0.185576            nan            nan
        30      -7.162793       0.138962            nan            nan
        31      -7.134984       0.103748            nan            nan
        32      -7.113421       0.076365            nan            nan
        33      -7.096170       0.063397            nan            nan
        34      -7.082623       0.058365            nan            nan
        35      -7.075398       0.063922            nan            nan
        36      -7.071741       0.057319            nan            nan
        37      -7.072343       0.055065            nan            nan
        38      -7.079091       0.067801            nan            nan
        39      -7.092411       0.090682            nan            nan
        40      -7.108745       0.096478            nan            nan
        41      -7.127252       0.111092            nan            nan
        42      -7.153843       0.160335            nan            nan
        43      -7.187583       0.196836            nan            nan
        44      -7.226651       0.217525            nan            nan
        45      -7.270649       0.273753            nan            nan
        46      -7.320185       0.313389            nan            nan
        47      -7.374522       0.378945            nan            nan
        48      -7.434369       0.437790            nan            nan
        49      -7.498800       0.476536            nan            nan
        50      -7.566743       0.554759            nan            nan
        51      -7.640696       0.659508            nan            nan
        52      -7.720274       0.759340            nan            nan
        53      -7.803862       0.822667            nan            nan
        54      -7.889479       0.872845            nan            nan
        55      -7.977369       1.004747            nan            nan
        56      -8.068972       1.100483            nan            nan
        57      -8.163272       1.216934            nan            nan
        58      -8.260244       1.367732            nan            nan
        59      -8.357511       1.405257            nan            nan
        60      -8.453185       1.492284            nan            nan
        61      -8.549149       1.640832            nan            nan
        62      -8.645369       1.762250            nan            nan
        63      -8.739656       1.821677            nan            nan
        64      -8.829613       1.883707            nan            nan
        65      -8.915807       1.942209            nan            nan
        66      -8.996098       1.993156            nan            nan
        67      -9.071440       2.006245            nan            nan
