# Cycle: 9983, status: ACC, move: ('wf', 9000, 2, 33)
#     Time       Orderp
         0     1.069753     0.000000    -1.000000    -1.000000    -1.000000
         1     1.073182     0.000000    -1.000000    -1.000000    -1.000000
         2     1.077380     0.000000    -1.000000    -1.000000    -1.000000
         3     1.094144     0.000000    -1.000000    -1.000000    -1.000000
         4     1.104647     0.000000    -1.000000    -1.000000    -1.000000
         5     1.108727     0.000000    -1.000000    -1.000000    -1.000000
         6     1.106112     0.000000    -1.000000    -1.000000    -1.000000
         7     1.097130     0.000000    -1.000000    -1.000000    -1.000000
         8     1.082415     0.000000    -1.000000    -1.000000    -1.000000
         9     1.080268     0.000000    -1.000000    -1.000000    -1.000000
        10     1.085682     0.000000    -1.000000    -1.000000    -1.000000
        11     1.088107     0.000000    -1.000000    -1.000000    -1.000000
        12     1.087676     0.000000    -1.000000    -1.000000    -1.000000
        13     1.100522     0.000000    -1.000000    -1.000000    -1.000000
        14     1.133782     0.000000    -1.000000    -1.000000    -1.000000
        15     1.167551     0.000000    -1.000000    -1.000000    -1.000000
        16     1.199390     0.000000    -1.000000    -1.000000    -1.000000
        17     1.228430     0.000000    -1.000000    -1.000000    -1.000000
        18     1.253902     0.000000    -1.000000    -1.000000    -1.000000
        19     1.275003     0.000000    -1.000000    -1.000000    -1.000000
        20     1.291012     1.000000    63.000000    87.000000    88.000000
        21     1.301272     1.000000    63.000000    87.000000    88.000000
        22     1.305229     1.000000    63.000000    87.000000    88.000000
        23     1.302389     1.000000    63.000000    87.000000    88.000000
        24     1.292344     1.000000    63.000000    87.000000    88.000000
        25     1.274765     0.000000    -1.000000    -1.000000    -1.000000
        26     1.249519     0.000000    -1.000000    -1.000000    -1.000000
        27     1.216702     0.000000    -1.000000    -1.000000    -1.000000
        28     1.176897     0.000000    -1.000000    -1.000000    -1.000000
        29     1.131397     0.000000    -1.000000    -1.000000    -1.000000
        30     1.082213     0.000000    -1.000000    -1.000000    -1.000000
        31     1.070182     0.000000    -1.000000    -1.000000    -1.000000
        32     1.063753     0.000000    -1.000000    -1.000000    -1.000000
