# Cycle: 9991, status: ACC, move: ('wf', 9000, 2, 19)
#     Time      Potential        Kinetic
         0   -8227.255800      79.643747            nan            nan
         1   -8228.459400      80.838630            nan            nan
         2   -8229.094600      81.484423            nan            nan
         3   -8229.229200      81.648072            nan            nan
         4   -8229.199100      81.641829            nan            nan
         5   -8229.345900      81.790119            nan            nan
         6   -8229.788800      82.209084            nan            nan
         7   -8230.329700      82.732269            nan            nan
         8   -8230.711700      83.090131            nan            nan
         9   -8230.773000      83.135971            nan            nan
        10   -8230.514600      82.867360            nan            nan
        11   -8229.951400      82.297773            nan            nan
        12   -8229.105800      81.459877            nan            nan
        13   -8228.176300      80.544399            nan            nan
        14   -8227.479900      79.872234            nan            nan
        15   -8227.352700      79.767537            nan            nan
        16   -8228.008400      80.425536            nan            nan
        17   -8229.364600      81.762420            nan            nan
        18   -8231.002900      83.367573            nan            nan
